-0.7144902050495148, 0.17549976706504822
-2.108971485402435, -0.28352728113532066
0.6772298961877823, 1.414044201374054
-0.9237152338027954, 1.4592293351888657
0.24418076500296593, 1.0035586953163147
-1.4510556757450104, -0.8598548164591193
-1.99547628313303, -0.05223017930984497
0.16481569409370422, -1.0297946259379387
-0.6080888547003269, 2.1247371584177017
-1.2182392179965973, -0.39377597346901894
-0.7157285269349813, -1.219163715839386
-0.15615149214863777, 0.6755903512239456
-1.8850871324539185, -0.8853006586432457
-0.2631136476993561, 0.37351806461811066
-1.2979961074888706, -1.9099430441856384
-1.2127913981676102, 0.038637638092041016
0.03949028626084328, 0.26035404205322266
-0.6443633735179901, 0.4559845607727766
-1.020160511136055, -0.7507034689188004
0.3193618953227997, -2.4039282351732254
-1.0524425245821476, 0.3065693974494934
-0.5044300332665443, -1.2536196932196617
-0.6170453727245331, -0.543732263147831
-1.683567762374878, 1.6295745819807053
-0.24845021218061447, -0.23698224872350693
-1.2912379745393991, -0.12552204728126526
-0.38159729912877083, 1.348463848233223
-0.2424371875822544, 0.6872807741165161
-1.299155056476593, -0.2636786699295044
-1.6844367980957031, -0.24134327471256256
-2.290637188591063, -0.8122263625264168
-1.1133832782506943, 2.4771102964878082
0.2770620286464691, 0.2057494819164276
-2.245605744421482, -0.1786366105079651
-2.697618842124939, -0.17021183669567108
-2.064062610268593, -0.36813076899852604
-0.46834129095077515, -0.37538476288318634
-1.517382877646014, 1.0616454482078552
1.8595214635133743, 0.8034670054912567
-1.609115481376648, 3.007425010204315
-2.0260754451155663, -1.5905914008617401
-2.2841148115694523, -1.0263870283961296
-1.4828978776931763, 0.45598088577389717
-0.602485865354538, -0.33416086435317993
-0.7484591901302338, 0.37707361578941345
-1.1416795533150434, -0.3362145349383354
-0.7161748204380274, 2.14991357922554
-2.0270722806453705, -2.8312148693948984
-0.2304297760128975, 0.21698273718357086
-2.336942795664072, -0.05036793649196625
0.5218325052410364, 1.25650230422616
-2.233092352747917, 0.20437860488891602
-1.2170576751232147, -0.42958804965019226
-0.14729322493076324, 3.3479596376419067
-2.1689343750476837, 1.5375893712043762
-1.0671107172966003, -0.14681482315063477
-0.4400300085544586, 0.08045091107487679
0.7960555255413055, -0.8116824924945831
-0.9373269453644753, -0.013089090585708618
-1.740883119404316, 0.24776583909988403
-1.329760574735701, -1.5499229729175568
-0.7193648219108582, -1.3461291752755642
-0.49466871470212936, 0.10274437069892883
-1.0243144854903221, -0.7019942328333855
-2.1064804196357727, 1.7785547450184822
-1.6702871173620224, -0.24052694439888
0.24221856892108917, 0.3526715040206909
-0.3927140533924103, -0.713275495916605
-1.158943835645914, -0.22556570172309875
-1.0146505609154701, 0.10120567679405212
-0.7142039090394974, -0.938333448022604
-1.167458303971216, 1.7968678772449493
-0.8058791011571884, -0.3216530680656433
-0.5600939653813839, -0.045577751472592354
-0.5172165036201477, 1.567595288157463
-0.23090076446533203, 0.08830952644348145
-1.212706282734871, -3.9127233419567347
-2.7203084230422974, 1.598819077014923
-1.8137983977794647, -1.013248972594738
0.41146136075258255, 2.7356813475489616
-0.8237524032592773, 0.5956849753856659
-2.10299776494503, -0.025119364261627197
-1.9508649110794067, -1.120550699532032
-2.2297427877783775, 0.9381774365901947
-1.7280630767345428, -0.5621997117996216
0.4950729012489319, 1.091397762298584
-1.556612640619278, -0.33288416638970375
-2.2118598893284798, 0.7106410786509514
-1.3341615796089172, 0.631231963634491
-2.2804349958896637, -0.11380176246166229
0.21136631816625595, 0.7535537779331207
-0.7401192607358098, 0.29788440465927124
-1.3952035307884216, 6.220437318086624
-1.157228484749794, 0.31582120060920715
-1.5920603647828102, 0.40282372385263443
-1.3575027962215245, 1.3689773455262184
-2.5511361956596375, -0.22318676114082336
0.16708409786224365, -2.240312861278653
-0.2918241322040558, 0.6646668463945389
-0.5475492924451828, -0.7693186551332474
-1.020549487322569, -0.30011048913002014
-1.0712530016899109, -0.3619251400232315
1.0283007621765137, -1.6574076637625694
-0.8750337809324265, 0.7759267687797546
-1.7697867900133133, 1.9047949612140656
-1.610178530216217, 0.6565586626529694
0.03366017900407314, 3.7699659168720245
-2.086649000644684, 1.3027581423521042
-0.5749996304512024, 0.20298565924167633
-0.9691657423973083, 1.0286731719970703
0.022490475326776505, 0.498073548078537
-3.760648399591446, -0.09447028860449791
0.21478136628866196, 1.1967954337596893
-0.48311397433280945, -1.4209507498890162
0.4030260816216469, -1.9334359019994736
-1.2050260454416275, 0.29626692831516266
-0.3607606878504157, 0.7264052927494049
-1.150676429271698, -0.6522399187088013
-0.9650319144129753, 0.08317353576421738
-1.584481954574585, 1.6076196730136871
-1.9166820794343948, -1.999567050486803
-1.242167703807354, -1.5139534613117576
-1.7657665014266968, -1.7121403936762363
-0.16384926438331604, 1.7894588708877563
-2.5633442401885986, -0.4532255306839943
-2.4699943363666534, -0.489356130361557
-2.4816245287656784, 0.11321938037872314
-1.2463177889585495, 0.0712076760828495
-0.3541775506455451, -0.4846515329554677
-1.3320309221744537, 0.250234323553741
-2.0141253136098385, 1.7743453979492188
1.081372857093811, -1.61659299954772
0.23128275573253632, -0.6577686220407486
-2.640524387359619, 1.0828601643443108
-0.0955597460269928, -0.35310713946819305
0.0754898190498352, 0.7459108978509903
-0.6147878468036652, -0.9810313209891319
-1.2249513864517212, -0.6311381906270981
-0.6532827615737915, -0.7611023588106036
-1.877890333533287, 0.7065075188875198
-1.5392894251272082, 0.5461253337562084
-1.618830069899559, 2.151533357799053
-0.3239677995443344, -0.3720637559890747
-1.8037686310708523, 0.2405647337436676
-0.6562408991158009, -0.21919915825128555
-2.0999035213608295, -1.522565919905901
-0.4667360782623291, 1.8399264812469482
-1.3255154490470886, 2.641954680904746
1.054828256368637, 0.6256700754165649
1.2871092110872269, -0.982001930475235
-1.407860357197933, 0.050876013934612274
-0.9926973655819893, 1.0146601349115372
1.3644910156726837, 7.196813344955444
-0.7783187292516232, -1.2764995004981756
-0.9472916722297668, 1.5358750224113464
-1.1412200257182121, -1.5269184946082532
-0.1375952772796154, 1.0568904504179955
-1.7678209394216537, 0.18070308677852154
0.42938507720828056, 1.4116894900798798
0.06895682960748672, 0.012407690286636353
1.8657679110765457, 1.6549235358834267
-1.1293889880180359, 1.901015155017376
0.35486799012869596, -0.29535825550556183
-2.2886032462120056, -0.6822144985198975
-0.9820466469973326, 0.7467889487743378
-0.5593671798706055, -0.9945530742406845
-0.03808903694152832, -1.4425258934497833
-2.4017838463187218, 0.014695912599563599
-0.6986349076032639, -0.12857777625322342
-1.7400644049048424, -0.525280311703682
-1.3662053551524878, -0.7145253792405128
-0.6259412802755833, -0.08989772573113441
-0.7909631412476301, 0.05181241035461426
-1.4060926660895348, 0.247201569378376
-2.7019626647233963, -0.9574969857931137
-0.013136491179466248, 0.27635657787323
-0.04842572659254074, -0.5457456111907959
-1.6492534265853465, 0.2944272607564926
0.19445767998695374, 2.9651191234588623
-0.14891467243433, -0.8008384853601456
-1.114339366555214, -0.1315845511853695
-2.3856503665447235, -3.266020104289055
-2.037505030632019, 0.5607018694281578
-1.1690353900194168, 0.382138229906559
-0.5439547151327133, 1.15470303571783
-1.0329873822629452, 0.11919502541422844
-1.358633115887642, 0.041582196950912476
-1.4830358922481537, 0.18082141876220703
-1.349301040172577, -1.0961081087589264
-1.3726460486650467, 0.7679059207439423
-0.19531483948230743, -0.14723099768161774
-0.853373110294342, 0.674607414752245
-1.939599648118019, 0.3528679609298706
-0.8867497742176056, 0.30772019177675247
-2.172224134206772, -0.5972355045378208
-0.9601130187511444, 2.1576359570026398
-1.8406901359558105, -1.691434282809496
-1.7141886539757252, -0.0736972987651825
1.6806741282343864, -0.170782208442688
-1.8926441669464111, -0.5000388920307159
0.3205688148736954, -1.0238773226737976
-4.099090829491615, 0.39256009459495544
-1.620407521724701, -0.05319608002901077
-0.9420520476996899, 1.623353123664856
-0.16266141831874847, 1.550905667245388
0.009963370859622955, 0.8228427320718765
-1.0778729245066643, 0.08110783016309142
-5.668531745672226, -0.48302873969078064
-0.9647136032581329, -0.6506848484277725
-1.3622878827154636, 0.1965595781803131
-2.7587926238775253, 0.703593188431114
-1.325459599494934, 2.303090512752533
-1.5987444519996643, -0.22325146943330765
-1.2011313736438751, 0.9949821978807449
-1.6225574761629105, -0.5210071057081223
0.29369568079710007, 0.5199995934963226
-2.333449110388756, 0.09486890956759453
-0.23601683601737022, 1.012682318687439
-3.440877079963684, 0.23632435500621796
-3.213272586464882, 0.231750862672925
-0.6394433826208115, -0.26415868662297726
-0.6442425847053528, -0.10317005217075348
-1.657559759914875, -0.21501152031123638
-1.5628840923309326, -0.015209823846817017
-0.5823629051446915, 0.8888366520404816
-0.7249503154307604, -1.9650214854627848
-0.8891836702823639, 0.3861854523420334
-3.9411330819129944, -1.5157522931694984
-4.1110008135437965, -0.08768633008003235
-2.406159460544586, 2.068873316049576
-3.043796733021736, 2.467488653957844
-1.0928947031497955, -1.0279591530561447
-1.1943755596876144, 1.5344711542129517
-1.787139947526157, -0.029519572854042053
-1.4219483528286219, 0.16919881105422974
-0.46915270760655403, 1.000541239976883
-1.4223552867770195, 0.7475894391536713
0.30633899569511414, 2.2144501507282257
-0.8972051292657852, -0.05283082649111748
-2.592981994152069, 4.094482362270355
-2.534123107790947, 0.4510262534022331
1.0454992949962616, 0.21174592152237892
-1.3348801359534264, -0.5236698240041733
-1.0076133012771606, 0.16864272207021713
0.19078588485717773, -4.00046207383275
-0.5230922102928162, 0.7458284497261047
-2.8840417116880417, 1.1595560610294342
1.5630194544792175, 0.5841982066631317
-1.4701700806617737, 0.6481477171182632
-1.1919795866124332, 1.8843208849430084
-1.6836217045783997, -0.12498924136161804
0.8040498793125153, -0.7535788780078292
-2.07409854978323, 0.22170665860176086
-1.40018829703331, -1.7918007262051105
-0.7653313800692558, 0.06086525321006775
-1.6051030457019806, 0.33544229716062546
-1.894329011440277, -0.23907282552681863
-4.057123571634293, -4.6919544488191605
-0.6945627257227898, -0.7832358628511429
-2.7439563870429993, -1.4919358938932419
1.5021159052848816, -2.150340719614178
-1.193024568259716, 0.7485467493534088
-2.030554737895727, 0.1622302234172821
-1.1714450540021062, 0.3417833037674427
0.07610717415809631, 3.7854933217167854
0.29728238470852375, -0.2523263767361641
-1.001853123307228, 0.22116608917713165
-0.23683129251003265, -0.027729332447052002
0.10442404448986053, 0.30134452134370804
-2.7392871230840683, 0.7270725816488266
-1.4941663248464465, 0.4900144604034722
-2.8331084102392197, -0.13603267073631287
1.2247762456536293, -0.7779053151607513
-1.6746503710746765, 0.35516440868377686
-1.5379822552204132, 0.4037471767514944
-0.7978653684258461, -0.7838203310966492
1.2660291083157063, 0.6407631449401379
-0.8894944568164647, -0.5300554409623146
-0.7973429849371314, 1.279303789138794
-1.2471330761909485, 1.5342949032783508
-4.002212435007095, 0.2386106178164482
-0.3437633216381073, 0.44367992877960205
-0.8365996703505516, 0.7397214770317078
-0.5180592015385628, -0.3982745260000229
0.38438576459884644, 0.2442367523908615
-2.0501701403409243, 1.006344597786665
0.14394134283065796, -0.9577776938676834
0.13811630010604858, -0.4454261064529419
-0.10242539644241333, -3.344691812992096
-2.596458002924919, -0.22655486781150103
-0.7389717400074005, -0.06156298518180847
-1.0890483483672142, 0.1359958052635193
-0.768629364669323, -1.2084184437990189
-0.9350596889853477, 0.07380173355340958
-1.8839133810251951, 0.6421816945075989
-1.1895881332457066, -0.08210393413901329
-0.42548976838588715, -0.2644314169883728
-1.3716910928487778, 0.40485404431819916
-1.5885977298021317, 0.36282089352607727
0.7078488990664482, 1.3416763693094254
-1.526975817978382, -0.13754433393478394
-0.36333370208740234, -0.9311602413654327
-1.0006850510835648, -0.024360567331314087
0.6059469804167747, -1.6232863515615463
-1.0552220195531845, 0.14066880196332932
-0.20587828755378723, -0.3497779183089733
-0.21665674448013306, -1.228482029226143
-0.5574757009744644, -0.5836891978979111
-0.3324846029281616, -2.576923057436943
0.5035060346126556, 3.231510378420353
-1.8339154124259949, 0.05479544401168823
-2.504453957080841, 0.19297926384024322
-2.200529634952545, -0.8476418703794479
-0.824269063770771, 0.2446618229150772
-0.23090919107198715, -1.622514944523573
-1.5736927315592766, 5.070100009441376
-1.3925030827522278, 3.520322635769844
-1.4111609905958176, 0.8690786957740784
-2.26487697660923, 0.7784787621349096
-0.782606340944767, -0.3606736660003662
-1.2225909233093262, 0.7223900109529495
0.019002708606421947, -0.08419869840145111
-0.5069397985935211, 0.13621896505355835
-0.04301922023296356, 1.432226985692978
-1.4788559079170227, -1.5241099521517754
-3.6136641800403595, 1.2381888329982758
-0.9403829276561737, -0.3422485888004303
-1.1206560358405113, -0.394346471875906
-0.3935563247650862, -0.3225806965492666
-0.9042263031005859, 0.6848704069852829
1.2944230437278748, -0.8650751300156116
-1.053769525140524, -0.1846351232379675
-2.6407886147499084, 1.1277422979474068
-0.3315541334450245, -0.3143463581800461
-1.4363082647323608, 1.1537351533770561
-1.2860100865364075, -0.12885722517967224
-1.7510869801044464, 2.0382233560085297
-1.5979278534650803, -0.18077616393566132
-0.7768335044384003, -0.5426773428916931
-0.3785879909992218, 2.8178919553756714
-4.498197451233864, -0.47851744294166565
-0.5908572673797607, -1.5009087473154068
-0.791297291056253, -0.5578375458717346
-1.180987011641264, 0.39362654089927673
-0.5850736945867538, 0.2124699428677559
-1.1288799941539764, -1.4037376195192337
0.41021329909563065, 0.27133699133992195
-2.4656807482242584, 0.8751261383295059
0.9518260806798935, -0.05519336834549904
-1.5815952271223068, -1.5224642343819141
-0.7581150531768799, 0.18635078985244036
-1.0158479064702988, -1.9566237330436707
-2.9987474977970123, -0.054137974977493286
-1.0612361952662468, 0.2088681235909462
-0.27714627981185913, 0.9267789041623473
-0.5314802005887032, 0.4830201119184494
-0.3206316642463207, -0.020814374089241028
0.023051144555211067, 0.5295847505331039
-3.3069843500852585, 1.0042856708168983
-0.7919989228248596, 0.21906013041734695
-1.9617265164852142, -0.27154893428087234
-1.5284360349178314, 0.45062142610549927
-0.4868052303791046, -0.0960530936717987
-2.194528579711914, -0.14507709443569183
-3.898201674222946, -0.1633268790319562
-1.3260588236153126, 4.27136917412281
-1.5204131752252579, 0.2640516757965088
-1.4507059827446938, 1.9224951267242432
-1.4435503706336021, 0.2626717612147331
-3.0458910467568785, 0.12302165478467941
-2.2751566767692566, 1.704283446073532
-0.9346763864159584, 0.8346170671284199
-1.4142817854881287, 1.1690371632575989
-1.2941878363490105, 1.4598401188850403
-2.0265847593545914, -1.4669374376535416
-0.9185045808553696, 1.0205284655094147
-2.7900504767894745, 0.7696347758173943
-0.9715620763599873, 0.037976883351802826
-1.1078560799360275, -0.2007722295820713
-1.7422270253300667, 0.11169587448239326
-2.333922952413559, -0.8247969150543213
-0.9964936524629593, 1.7617139294743538
-1.461833193898201, 0.9450880587100983
-2.4899118542671204, -0.18525928258895874
-0.9375680163502693, 0.5663533508777618
1.7349645793437958, -0.705763678997755
-0.910972342826426, -1.5845584869384766
-1.652657926082611, -0.38522249460220337
-1.0914933755993843, 0.10353712737560272
-1.1859831362962723, 0.40245080675231293
0.49523384869098663, 0.36826612800359726
-1.6200929507613182, -0.19844168424606323
-0.9312725886702538, 0.20561444014310837
-0.8729894161224365, -0.41820569336414337
-0.6091756112873554, -1.1383203268051147
-1.9021686911582947, 0.11491061747074127
-1.4847369641065598, -0.19481229782104492
-1.7156986892223358, 0.1756829470396042
-1.1529627293348312, 1.2789969593286514
0.14272812008857727, -0.5661484599113464
-0.6165605187416077, 1.3637148141860962
-1.9945048540830612, 0.2795804589986801
-1.5351509153842926, 1.3241634145379066
-3.503444790840149, -2.793539371341467
-1.3380479365587234, -0.6048099026083946
-1.7676240503787994, -0.663263127207756
-0.8330121412873268, -0.45946989953517914
2.6052581667900085, 0.9698570836335421
-1.4340183436870575, -0.5646268427371979
-2.562609776854515, -0.7014746367931366
-2.114158194512129, 0.4569469131529331
-0.7395224906504154, 0.18359209597110748
-2.2741649076342583, -0.09319845587015152
-3.472861057613045, 0.8379486203193665
-3.954131454229355, 0.8511631786823273
-1.838746726512909, -0.1327247633598745
-0.7279241532087326, 0.02272912859916687
1.1219283267855644, 3.598201185464859
-1.018904022872448, 1.0407480299472809
-1.0337298512458801, -0.41359588131308556
-1.3848430067300797, -1.3911872208118439
0.16002985835075378, 0.12597033381462097
-1.0863922238349915, -0.06031958758831024
-1.0299189239740372, 2.9628804326057434
-0.40351147949695587, 0.20523424446582794
-2.3977407813072205, -0.7251148819923401
-1.183953881263733, 2.806236684322357
-1.4570174813270569, -0.8370210565626621
-0.9250157400965691, -0.21049237251281738
-2.0348009038716555, -0.8227046132087708
-0.7232813388109207, 1.6424138033762574
0.6580998599529266, 1.7828643955290318
-1.4462026059627533, 1.1607221364974976
-3.2527799904346466, 3.5160800516605377
-0.5062623769044876, -0.7663217782974243
0.22497856616973877, -0.36061711609363556
-1.263813629746437, -0.08854449726641178
-2.3726276755332947, 1.5708956345915794
-1.5841495096683502, 1.8848626911640167
-1.7926545143127441, 1.6872236132621765
-1.9044449031352997, -1.2044164054095745
-0.2858373671770096, 0.4299813508987427
-0.5692891055950895, -1.446721076965332
0.41323745250701904, 0.4142686426639557
-0.9354226365685463, 1.0655551478266716
-1.0956039279699326, 1.6735920906066895
-1.3588147088885307, -0.5516531467437744
3.0605634227395058, 0.1793861947953701
-0.7268412709236145, 0.7997180223464966
-1.7331357896327972, 0.03893267549574375
0.1771763116121292, -0.07143594324588776
-1.5940164234489202, -1.1371407583355904
8.719507604837418E-4, -0.22675032913684845
-1.8452693857252598, -0.6234441921114922
-1.612136259675026, -0.1720450222492218
-0.45530959963798523, -0.8581134751439095
-1.3191880285739899, -0.49097445607185364
-1.3603269159793854, -0.8402712866663933
-2.1348206996917725, -1.0627030581235886
-0.04118908941745758, 0.4138636663556099
0.408674955368042, -0.62135886028409
-1.2580306231975555, 2.4512901306152344
-0.4310831129550934, 0.6132888123393059
-1.8748193010687828, 0.5665374547243118
-1.3968148343265057, 0.11055345088243484
1.0132275819778442, 0.5373712778091431
1.5532780140638351, -1.7192548513412476
-1.5177285559475422, 0.23198764026165009
-1.4631055667996407, 0.19798682630062103
-1.1016660928726196, 1.7433061674237251
-0.5753046572208405, 0.8330001831054688
-0.909370381385088, -0.3563298135995865
0.1678703874349594, -0.41383014619350433
-1.1655604988336563, -0.5943816751241684
-3.833895191550255, 5.730557978153229
-1.5585015267133713, 2.084662899374962
-1.767326459288597, 2.0570200085639954
-1.1326440647244453, -0.34845620300620794
-1.9806202352046967, 0.16871491074562073
-1.7630592435598373, 0.744999349117279
-2.7334307804703712, -0.6333605051040649
-4.111100469715893, 1.1957132369279861
-1.9551336765289307, 0.5112728625535965
-1.8881506621837616, -0.3122809827327728
0.04852132312953472, 0.34502032212913036
-0.9957912527024746, 0.470366895198822
-1.5378760024905205, 1.6465268656611443
-1.813210815191269, 0.39557546947617084
0.10406900942325592, -2.1375678330659866
1.4421168863773346, -2.1630970239639282
0.05686074495315552, 4.0855889320373535
1.6210972238332033, -1.5095868818461895
-0.9886933788657188, -0.7216463983058929
-1.2922939956188202, -0.9796930551528931
-1.2137665897607803, 0.9150083363056183
-0.6234524548053741, 1.1428936440497637
-0.6966542033478618, -0.4599716328084469
-0.38661107420921326, -0.33729398250579834
-0.6775389164686203, 1.0520127341151237
-1.9176148176193237, 1.2000563442707062
0.5899573117494583, -0.00687524676322937
-1.219304732978344, -0.44552239775657654
-1.4130527973175049, 0.8164484202861786
-1.243526965379715, 0.9510475099086761
-3.4618749022483826, 0.010783854871988297
-1.8988979756832123, -1.204878680408001
-1.7615410685539246, -0.22017714567482471
-1.6443504095077515, -0.8144965246319771
0.9821639060974121, -1.4758377969264984
-0.6820280328392982, -1.3662357553839684
-0.7566299736499786, 1.8431925550103188
-0.7701551169157028, 2.183550000190735
-2.2202230095863342, -1.0171040035784245
-1.667062684893608, 0.7209935039281845
-2.3789186477661133, -0.8588302452117205
-1.2930990755558014, -0.6814175192266703
-1.6737174838781357, 2.367299407720566
-0.7210765033960342, 1.8560303077101707
-1.3240770436823368, -1.011862263083458
-2.0257576406002045, 0.36098712682724
-0.329629834741354, 0.4813604950904846
-0.12138763815164566, -2.125370033085346
-2.2349439412355423, 0.29920967668294907
-0.4971379265189171, -0.10832858085632324
-1.1212794110178947, 1.713021457195282
-0.8001768896356225, 0.638194851577282
-1.2180529832839966, -0.8325300812721252
-0.5085523165762424, 0.6414411589503288
-1.8796827793121338, -0.023464009165763855
-2.0239575803279877, -0.36362095549702644
-1.6562034487724304, -2.1473735570907593
-2.127870798110962, 0.07498076558113098
-2.321961522102356, -0.9888905696570873
-1.061902642250061, -0.6332370490999892
-1.1847824454307556, 0.21864480525255203
-2.5687086284160614, -0.3624739795923233
-0.7804044336080551, -0.16053782403469086
-1.4822145104408264, -0.9110666513442993
-1.5888641476631165, 2.670757472515106
-2.0519585236907005, -0.22692444920539856
-0.7398617342114449, 0.2174266967922449
-0.883721973747015, -0.1573866605758667
-1.3972489088773727, 0.6262092888355255
-0.6542058140039444, -2.1410823315382004
-1.3960396647453308, 0.4783103559166193
1.1757630407810211, -0.5715275704860687
-2.25343319773674, -0.9119855333119631
-1.280563473701477, -0.4223703444004059
-1.4730258453637362, 0.8305072784423828
-0.2972930073738098, 0.7513710707426071
0.3229507952928543, -0.46422185748815536
-0.7903197444975376, 0.1363501101732254
-0.8406384810805321, 0.12079852819442749
-1.8038670420646667, 0.0804109126329422
-0.954489529132843, 0.15418512863107026
-0.33825437910854816, 0.5581057891249657
-2.7243304327130318, 0.9589788801968098
2.192434106953442, 0.3906082957983017
-2.9713553711771965, 0.8039628341794014
-0.28443965315818787, -0.8326788023114204
-0.43948519974946976, -0.7452816516160965
-5.229974292218685, -2.6473778784275055
-1.417047768831253, 1.8300178349018097
-2.7764427959918976, 0.9630672484636307
-1.2915323972702026, -0.8251470029354095
-0.7488203197717667, 0.7587275207042694
-0.7983887083828449, -0.05474880337715149
-1.8328352570533752, -1.420354776084423
-1.6559410691261292, -0.6483928263187408
-0.8330831155180931, -2.5701039731502533
0.03465639054775238, -0.6456285647582263
1.0987438261508942, -1.4782802164554596
-0.9652620255947113, -0.008634209632873535
-2.392199344933033, 1.3031350523233414
-1.800979495048523, 3.975174769759178
-2.411105364561081, -0.49346135929226875
-1.340721808373928, 0.5330727621912956
-1.9948446303606033, 0.922687292098999
-2.2772489115595818, 0.10422633588314056
-2.209484711289406, 0.16950015723705292
-0.14043982699513435, -0.21580517292022705
0.8507732152938843, -0.6348710060119629
-1.1761834919452667, -1.1896657198667526
-0.6927394270896912, 1.0232752971351147
-2.087130457162857, 0.788028359413147
-0.3781847655773163, 0.5953996926546097
-0.6209804490208626, 0.614296942949295
-2.1204989179968834, -0.43777696043252945
-4.175235480070114, 3.298717811703682
-0.021572336554527283, -0.44605429470539093
-6.791949272155762E-4, 0.5963595807552338
-0.22871720790863037, 0.14507749676704407
-0.8548820838332176, -0.9441374242305756
-0.7988688321784139, 2.755998969078064
-1.601852759718895, -0.7131074070930481
-0.7034516781568527, 0.5240832269191742
-2.0242119133472443, 2.853259176015854
-2.8518655598163605, -0.8800260722637177
-1.69803985953331, -1.623463898897171
-1.3850229969248176, -0.5515923351049423
-0.030295588076114655, -0.878569170832634
-1.804277926683426, 0.9027188792824745
-0.7451073080301285, -3.3133974820375443
-0.6545251347124577, 3.383401483297348
-1.588139995932579, 1.955976814031601
-1.6333520412445068, 0.41110359132289886
-1.330744981765747, 0.12143030762672424
-1.4388491809368134, -0.5101957470178604
-2.0133285522460938, 3.3784515038132668
-1.4842301905155182, 0.3389583081007004
-0.12295001745223999, -1.1298113465309143
-2.6105457097291946, 1.6105111707001925
-1.3366755042225122, -0.5241959095001221
0.9253207088913769, 1.6533303260803223
-0.8567630723118782, -0.31747911125421524
-0.9734296351671219, -0.8451167941093445
0.5719014555215836, -0.7227363027632236
-1.6905571222305298, -1.0986689776182175
-2.5688724294304848, -1.3972568809986115
-1.1805991977453232, 1.5878437459468842
-0.5405417773872614, -0.5885040014982224
-1.1847161911427975, -0.23317822068929672
-3.652921357192099, -1.5485554933547974
-0.7984906490892172, 1.2792721837759018
-0.7563342154026031, -0.28848201036453247
-2.026460215449333, -2.2692107930779457
-0.5953557789325714, -2.2645450085401535
1.3169981837272644, -1.4499030821025372
-1.6368697732686996, -0.4415562669746578
0.29715389013290405, 1.2800293453037739
-0.7756787240505219, 1.372971800621599
-2.990121066570282, 0.0855133980512619
-1.4575833082199097, 0.4324521776288748
0.3129552996251732, 0.22094295173883438
0.05933582782745361, -0.16861866414546967
0.6830026563256979, 2.9101557582616806
-0.9881306081078947, -2.1211638636887074
-1.1544533967971802, 0.7372157275676727
-2.881120979785919, -0.07429684698581696
-1.5785569492727518, -0.9171993900090456
-0.8566759340465069, -0.5046557635068893
-1.329900085926056, 0.9381882045418024
-0.39643310010433197, -0.1608467698097229
-0.3617401793599129, -0.1963854879140854
-1.076740162447095, 0.010919809341430664
-1.8011656999588013, 0.35886823385953903
-2.899131417274475, 0.5240207836031914
-1.7034545503556728, -0.8426427580416203
1.4115302227437496, 0.05929965525865555
-1.1821653973311186, 0.2038078010082245
0.6933269277215004, -2.2274023443460464
-0.8220052495598793, -0.6880863606929779
-0.33310094475746155, -0.8914362173527479
-2.592459499835968, 0.21730446815490723
-0.7534782327711582, 0.5737381801009178
0.0761675015091896, 3.7996726855635643
-2.942249082028866, 2.6217445582151413
-0.7918306589126587, 0.5083391759544611
-1.723782006651163, -1.1900434494018555
-0.8610419929027557, -0.6174219250679016
-1.9780957587063313, -0.3241441547870636
2.347763329744339, 0.4293646290898323
-0.4336939752101898, -0.3527231737971306
-2.2194099202752113, 0.14459562301635742
-0.8221239931881428, 1.0064645484089851
-0.26487890630960464, -0.21179301291704178
-2.0716364607214928, 1.5260605216026306
-0.9118019938468933, 0.37032698560506105
-1.1416272893548012, -1.4939248710870743
-0.6079889610409737, -2.1686558574438095
-1.2578960955142975, -0.05177012458443642
1.588797241449356, 3.3527093827724457
-0.9458184391260147, 0.5539063587784767
-0.18226411938667297, 2.1832280382514
-0.4150686264038086, 2.127549886703491
-2.9687568098306656, 1.2876117378473282
-2.0438327193260193, 1.3220254182815552
1.1291358917951584, -0.7473244592547417
-0.9692186266183853, -1.9062278382480145
0.2673660218715668, -0.3415895998477936
-2.4681697450578213, 2.4788039848208427
-0.9056030809879303, -0.3084363043308258
-1.0829795747995377, -0.035337984561920166
-1.2064005360007286, 0.5671482682228088
-2.7211127830669284, -1.7404682114720345
-0.5735832750797272, 0.11303345812484622
-0.15219677053391933, 0.6022996455430984
-0.06949302554130554, 1.8441969156265259
-1.5207548178732395, 0.9843401908874512
0.7395883351564407, -0.452175997197628
-2.05608931183815, 1.9335468029603362
1.427961116656661, -1.28425732254982
0.11556842736899853, 0.7013556957244873
-1.3467546254396439, -0.5722241550683975
-0.16939043998718262, -1.6873194426298141
-0.5306858420372009, 0.7733500227332115
0.9936446398496628, 0.5235061049461365
0.7092347145080566, -0.35450534522533417
-0.1387595236301422, -0.22754419781267643
1.2945844009518623, -1.108895719051361
-1.0756149739027023, 0.7056013131514192
-2.7820416390895844, -0.031029317528009415
-0.9133647568523884, -1.2736221700906754
-2.867478558793664, -1.899364098906517
-0.7159957140684128, 2.7156468331813812
-0.17300141975283623, 0.4588182866573334
-0.5764343068003654, 0.46326011419296265
-1.8987489379942417, -0.48963573575019836
-0.5480172596871853, -0.5788357257843018
-1.5658709965646267, -0.3771637976169586
-1.3605971485376358, -0.19096197094768286
-1.283679112792015, 1.3769312370568514
-1.1104648113250732, 0.9685277063399553
-1.1150365136563778, -0.16043585166335106
-1.0799750909209251, 0.14406957477331161
-2.5011724308133125, 0.8718465715646744
-0.5431161792948842, 0.4229424297809601
-1.7580351829528809, 3.544440109282732
-1.3121780082583427, 0.35104864835739136
0.010157927870750427, 1.0921072140336037
-2.1469746232032776, -0.1207672655582428
-1.4357865154743195, 0.07167435437440872
-1.123403549194336, -0.6031496226787567
-1.3189237117767334, 0.1749672219157219
-0.9654300808906555, -1.4062838852405548
-1.69026717543602, -2.0486665666103363
-1.4937162771821022, -0.3504323214292526
1.1322237215936184, 0.785660445690155
-2.1234570927917957, 0.5875031799077988
-2.59392911195755, 3.331803560256958
-2.1668520346283913, 1.8254677150398493
-5.10194793343544, -2.3666677474975586
0.009905986487865448, 0.48299770057201385
-3.30550180375576, -0.6458841785788536
-0.8873971402645111, -1.8428098186850548
-0.566724881529808, 2.627169609069824
3.1046846583485603, 0.18819338083267212
-1.50208380818367, -0.5811286568641663
3.785370349884033, -1.407103180885315
-0.8318894580006599, 1.693987637758255
-2.935182437300682, -0.5795229319483042
-2.7045864164829254, 1.5874113142490387
-2.1136612817645073, -0.0787048488855362
-0.17976627126336098, -1.6548616774380207
-3.052502889186144, 2.1031103879213333
-1.5078930407762527, 0.3144279960542917
-1.4499354362487793, -0.2852630242705345
-1.0300306901335716, -1.0328024104237556
-2.3911944329738617, -0.44616384617984295
0.2777782380580902, 8.308775722980499E-4
-1.9139407817274332, 0.15310262888669968
-0.8929598182439804, 0.1944519281387329
-3.785496771335602, 2.8459265902638435
-1.7221542000770569, 1.6773323714733124
-3.286452293395996, -3.224066309630871
-1.6692713797092438, 1.299812138080597
-0.9951708652079105, 0.3442089408636093
-0.5441314429044724, -0.30764874815940857
-3.2336528301239014, 1.5364243872463703
0.5332655757665634, 2.613993041217327
-1.1663402765989304, -0.42854610085487366
-3.423574835062027, 2.3040178269147873
-0.9824963808059692, 0.7465029135346413
-1.1461189612746239, 0.8516237735748291
2.6208076179027557, 0.5295721590518951
-1.2628767415881157, 0.2947951704263687
-1.4293861985206604, 0.05311879515647888
-2.4278605058789253, -0.31654734909534454
-1.599973887205124, 0.5596115738153458
-1.5489644408226013, 1.8098210981115699
-0.7023712014779449, 1.9165039658546448
-0.053167104721069336, 0.7417755946516991
-0.13028819859027863, -1.2950549870729446
-0.5173873985186219, -0.645709365606308
0.4559001624584198, 0.6717204675078392
-1.090431123971939, 0.3202713280916214
-3.183178335428238, 5.701346307992935
-0.74936743080616, 1.7346218824386597
-1.2815405437722802, 1.402003914117813
-2.273563504219055, -2.077930510044098
-0.7141016870737076, -0.37066131830215454
-0.7411973774433136, -0.1610640361905098
0.9914081245660782, 2.2034927010536194
-0.8477737754583359, -0.27198830246925354
-0.9917401075363159, 0.30872175097465515
-1.650331825017929, 0.8885154277086258
-2.810656100511551, -2.024938963353634
-0.8857578933238983, -0.9686295911669731
1.6174328923225403, 2.6881520748138428
-1.4009400308132172, 0.25622478500008583
-3.3676837682724, 0.42685817182064056
0.14539197087287903, 0.9366800785064697
-0.930759634822607, -0.5382789075374603
-1.077936615794897, -0.7885107696056366
-0.9997983425855637, 0.6073978543281555
-1.866779886186123, -0.033130258321762085
-2.5236696489155293, -1.5125285610556602
-2.0037244856357574, -1.1371562592685223
-0.3609941899776459, 1.7896827384829521
-1.3851289339363575, 1.1384951462969184
-1.7984072864055634, 0.2996743810363114
-0.17655112594366074, -1.1158471703529358
0.4836725890636444, 1.0585806518793106
-1.188627876341343, -0.45991581678390503
0.41996894776821136, 0.14860799908638
-1.7215546295046806, -0.24978037178516388
-2.9680571854114532, 0.43966521322727203
-1.9134989753365517, 2.1552039720118046
-1.2294389754533768, -2.074055954813957
-1.5022740811109543, 1.4027609378099442
-2.686936378479004, -2.529796525835991
-1.7495824694633484, 1.3141395822167397
-2.2126991152763367, -1.4184603840112686
-0.6190876215696335, 0.4100152403116226
-1.327983932569623, 1.445098951458931
-0.13799163699150085, 0.7289428859949112
0.2361654806882143, -0.17683305777609348
-2.100727609358728, -2.1622151993215084
-1.4613768458366394, 1.027379496023059
-3.7192729115486145, 6.371094048023224
-2.311562445014715, 0.6716949343681335
-1.3906618356704712, 0.031559765338897705
-0.6658921837806702, -0.124212846159935
-1.2169856950640678, 1.0901870429515839
-2.0857037380337715, -1.1307068318128586
-0.7802396714687347, -0.918165385723114
0.03952968120574951, 0.23824524134397507
0.5542642939835787, 1.1042421087622643
-0.7470331639051437, -0.7117451820522547
-2.3207374289631844, -0.09490275382995605
-1.1325383186340332, -0.7860869839787483
-0.3749694526195526, 1.2550431191921234
-0.23169144243001938, 0.34215112030506134
-0.3120012804865837, 1.5684606432914734
-1.9307866394519806, 0.3628118261694908
-0.607401043176651, 0.9689085930585861
-3.178132086992264, 1.3326673060655594
-1.7608208786696196, 0.2222832515835762
-0.8814930217340589, 0.4393111262470484
-1.36489599943161, -0.22758768498897552
-1.3772850185632706, -1.9935314357280731
3.1345635652542114, -0.5843102782964706
-1.4044512659311295, -1.7382536232471466
-1.2487896142993122, 0.7727305963635445
-1.4805023521184921, -2.024166736751795
-1.4238931387662888, -0.22137421369552612
-1.5310550779104233, 1.4045242206193507
-2.2340042665600777, 1.5478027164936066
0.2667711153626442, 0.1443604975938797
-2.9566581547260284, -1.1600525453686714
-1.0175886452198029, -0.7498824894428253
-1.6102131456136703, 1.1759107857942581
-2.418789379298687, -1.2962208510143682
-1.185669556260109, 0.2650657594203949
-1.2199051305651665, 0.7221964001655579
0.18458321690559387, -3.5705474615097046
-1.3972461596131325, 3.4074822068214417
3.1443601548671722, -0.16288474202156067
-0.4889652281999588, 1.713791474699974
-1.8310260772705078, 0.0717729777097702
-2.1789400428533554, -0.07810425758361816
-1.7564474940299988, 0.48744960967451334
0.3608437441289425, -0.1067257672548294
-0.8894648998975754, -0.18094270350411534
1.8840847462415695, -4.66390073299408
1.1504141986370087, -0.1847909837961197
-1.9805109798908234, 0.5739548802375793
-0.8473363816738129, -0.05940898507833481
0.2965953014791012, 0.3397095799446106
-1.0489610880613327, 0.5151685029268265
-0.5762015613727272, -0.20017313957214355
-1.0469139516353607, 0.7877441922901198
2.013571073184721, 4.245529346168041
-1.0692192539572716, -0.12130692601203918
-0.8308099582791328, 0.17674098908901215
-0.5608396679162979, -0.1969122588634491
-1.6807198226451874, 1.1651266664266586
-1.190497249364853, -0.3676382303237915
1.0730327665805817, 0.3024454489350319
-0.7588634639978409, -0.47669273614883423
-1.2909153923392296, 0.15023097395896912
-2.817556470632553, -0.9704439043998718
0.1986016039736569, 0.3884037137031555
1.4168786965310574, 1.0186821967363358
-2.8029361814260483, -0.18976575136184692
-1.5787094086408615, 0.2880592793226242
-0.6656659692525864, 1.2205950319766998
-2.134193554520607, -1.0116982869803905
-0.8880645036697388, -0.34482842683792114
-0.9066507965326309, -1.6259448495693505
-1.5717424340546131, 1.4342730343341827
-1.425428569316864, 0.4460660517215729
-0.6988387014716864, 0.0632096379995346
-1.1431765942834318, 0.06913244724273682
-2.250953994691372, -1.7229862287640572
-1.8944802209734917, -0.8998300954699516
-1.8238191604614258, -0.345851868391037
0.67977574467659, 0.939462423324585
-1.9609255194664001, 0.8336445353925228
-0.35849571228027344, -0.4102555513381958
-3.462485745549202, 0.33012886345386505
-3.545602892059833, 1.3950162213295698
-0.6907938066869974, -0.2844134122133255
-2.358123779296875, 1.2272123619914055
-3.011194795370102, 0.7919740937650204
0.5878964066505432, 0.3758607041090727
-1.2630543112754822, 0.42080314829945564
-1.4773822948336601, 0.2676499681547284
-2.136185052804649, -0.4913877546787262
-0.9534040689468384, 0.6730376556515694
-1.1063545309007168, 1.0340646356344223
-2.1881114915013313, 2.9560726284980774
-1.1646748892962933, -0.8214299976825714
-4.1342757642269135, -3.160002648830414
-1.2361203879117966, -0.6928646191954613
-0.7927725315093994, -0.29704633355140686
3.164189860224724, 2.7030882760882378
-1.5245163440704346, 0.9831140199676156
-0.5970774292945862, 0.31052879989147186
0.5839912071824074, -0.318865567445755
-2.053560271859169, -1.1192804798483849
-2.2530837655067444, 0.705763190984726
-0.07855488359928131, 0.07192672789096832
-1.9464907944202423, -0.6797686330974102
-1.3722969070076942, -1.6664890553802252
0.2467404305934906, -0.08589449524879456
-0.6618826985359192, 0.49765133764594793
-1.8598865941166878, -0.8697544634342194
0.07562822103500366, -1.170384019613266
-0.015722252428531647, 2.089738607406616
-0.26573610305786133, 0.6961675435304642
-1.6039006784558296, -0.09390342235565186
-0.7405825479654595, 0.0455203503370285
-1.3636136949062347, -1.0237356233410537
-1.4348950684070587, 0.46544045209884644
-0.7136459648609161, 0.4232674241065979
-3.8432207591831684, -0.9230690151453018
-2.3116680085659027, 1.7112344801425934
-0.2773362025618553, 1.0343211106956005
-1.4428307339549065, 1.4080189689993858
-2.9103946685791016, 0.9552633464336395
-2.523809015750885, -0.04447753727436066
-0.5842538885772228, 1.7129801958799362
