-0.6196213960647583, 0.49614229798316956
-0.694050669670105, -0.012926764786243439
-0.23127420246601105, -0.785362958908081
-0.27674973011016846, 0.8655654788017273
-1.0554585456848145, 0.07677437365055084
0.7851169109344482, 1.4958912134170532
0.1327412873506546, 0.5803630352020264
-0.4356226623058319, 0.888464629650116
0.3470446765422821, 1.1647181510925293
0.3849242627620697, 1.5485725402832031
-0.4345409870147705, 0.8160634636878967
-0.19216617941856384, 0.7805540561676025
0.6796210408210754, 1.1909054517745972
0.7512298226356506, 1.2062244415283203
-0.7245196104049683, 0.7200763821601868
-0.15446186065673828, 1.4221183061599731
-0.5416553616523743, 0.823833703994751
0.6130227446556091, 1.2601542472839355
0.6201518177986145, 1.3254090547561646
0.35136255621910095, 1.380639672279358
-0.391307532787323, -0.4437057673931122
-1.2184308767318726, 0.1609230637550354
0.2830621004104614, 0.9562277793884277
0.025486871600151062, 0.45025190711021423
0.010057231411337852, 0.98967444896698
0.33844584226608276, 0.25314536690711975
-0.6285626292228699, 2.4125125408172607
-0.9802725911140442, 0.42325785756111145
-1.0321168899536133, 0.270770788192749
0.43034660816192627, 1.5136747360229492
-0.8876280188560486, 0.6980152130126953
0.48395878076553345, 1.8059735298156738
-0.4055745005607605, 0.9593318104743958
-1.5412895679473877, 0.0676354169845581
-0.07443708926439285, -2.321398973464966
-1.4233481884002686, 0.9899079203605652
0.7445929050445557, 1.7311089038848877
-1.3365283012390137, 0.07941669970750809
0.5521250367164612, 1.0725107192993164
-1.1280901432037354, 0.6254981756210327
0.31203967332839966, -0.5218608975410461
0.8314470648765564, 0.056517865508794785
-1.143785834312439, 1.297682523727417
-0.8008275628089905, 0.44950759410858154
0.019205128774046898, 1.7597033977508545
0.9596611261367798, 1.3687316179275513
-0.6905159950256348, 0.8184098601341248
-0.016563542187213898, 1.4210023880004883
-0.8056900501251221, 1.1414785385131836
-0.6442148089408875, 0.6396648287773132
-1.300872564315796, 0.7975434064865112
0.34135037660598755, 1.3385145664215088
0.6806797981262207, -0.07216376811265945
-0.8931766152381897, 0.03248780965805054
-0.050092536956071854, 0.3280521035194397
0.46175989508628845, 0.8289434909820557
-0.24715609848499298, 0.16596363484859467
-0.18636873364448547, 0.8298720717430115
0.4828035831451416, 1.5565717220306396
0.9745358228683472, 1.6041746139526367
1.2851024866104126, 0.8551505208015442
-0.9071909189224243, 0.40530115365982056
-1.4626795053482056, -0.5256996750831604
-0.6425061821937561, 0.5637544989585876
-0.14816954731941223, 0.8372997641563416
-1.4703105688095093, 0.37063106894493103
-0.047833699733018875, -0.09137792140245438
-0.16839323937892914, 0.2575775980949402
-1.15673828125, 0.06452921032905579
-0.1057049036026001, 0.7325915098190308
-1.1423757076263428, 0.4565739631652832
-1.1045106649398804, 0.8380231857299805
-1.5058631896972656, 0.3730461597442627
0.1708901822566986, -1.7919156551361084
0.34961044788360596, 0.8894144892692566
-0.7061035633087158, 0.4469973146915436
-1.362634539604187, 0.3256145715713501
-1.0787079334259033, -0.8912261128425598
-0.9491856098175049, 0.29786109924316406
-0.5884195566177368, 1.0437889099121094
0.35428041219711304, 1.090031623840332
-1.0861661434173584, -0.14963111281394958
-0.5766605734825134, 0.8218815922737122
-0.668931782245636, 0.3332822024822235
-0.3030205965042114, 1.3734513521194458
0.2212616503238678, 1.2327171564102173
-1.0067781209945679, 0.8751905560493469
-1.018751859664917, 0.18899309635162354
-0.2992185652256012, 0.8913229703903198
-0.28810757398605347, 0.5589654445648193
0.01095020305365324, 1.1789746284484863
0.773034930229187, 0.18497473001480103
0.2511011064052582, 1.9050947427749634
-1.3653301000595093, -0.0811554417014122
-1.0310086011886597, 0.15048009157180786
-1.3678092956542969, 0.4875626564025879
-0.8648393750190735, 0.5295708775520325
-0.5843366384506226, 0.6303111910820007
-0.7496859431266785, 0.05861802399158478
0.15477068722248077, 1.462822675704956
0.17858263850212097, -0.3294857442378998
-0.2047131061553955, 0.4636581540107727
-0.1744229942560196, -0.4564872980117798
-0.25185254216194153, 0.6883374452590942
-0.7058266997337341, 0.7898697853088379
-0.7648632526397705, 1.278838038444519
-0.4925876259803772, 0.4961920976638794
0.7080144882202148, 1.958612322807312
-0.8297985792160034, 0.6955428123474121
-1.5082372426986694, 0.44601064920425415
-0.8404300808906555, 0.8466243743896484
-0.3673775792121887, -0.32970017194747925
1.2275822162628174, 1.025146245956421
-0.1334833800792694, 1.7361785173416138
0.45662057399749756, 0.47651827335357666
0.19913002848625183, 1.2118159532546997
-0.9699762463569641, 0.0766000971198082
-1.2974534034729004, 0.10714630782604218
0.5000205636024475, 0.9964814782142639
-0.36698630452156067, -0.30435723066329956
-1.5540205240249634, 0.06928442418575287
0.5606476068496704, -0.22352655231952667
-0.6366487741470337, 0.26406025886535645
0.07681103050708771, 1.6013996601104736
-1.2800257205963135, 0.4738953113555908
-0.3473585844039917, 0.958732008934021
0.28553506731987, 0.8066852688789368
-0.7737890481948853, 1.0341068506240845
-0.032898277044296265, 1.3455127477645874
0.12051593512296677, 0.4749961495399475
0.09377337247133255, 0.6848570108413696
-0.674275815486908, 0.9788258671760559
-0.7308008670806885, 0.8994203805923462
0.050384365022182465, 1.1187647581100464
-0.13491320610046387, 0.7634686231613159
-0.682342529296875, 1.2286548614501953
0.6320418119430542, 1.7376646995544434
0.16769477725028992, -1.4134923219680786
-1.5602329969406128, 0.7521629929542542
-1.3710877895355225, 0.18087364733219147
-0.603715181350708, 0.1943318098783493
-0.7066342830657959, 1.1439141035079956
-1.2315096855163574, 0.19416919350624084
-1.3297953605651855, 0.4748687744140625
-0.9708256125450134, 0.0770309716463089
-0.3492121398448944, 1.5230929851531982
-0.5733531713485718, 0.41180330514907837
-1.327439785003662, 0.4922413229942322
1.1105632781982422, 1.2117842435836792
0.43966740369796753, 1.065382719039917
-0.13915954530239105, 1.147978663444519
-0.08512507379055023, 1.7280176877975464
-0.6753528714179993, 0.749545156955719
0.17406456172466278, 1.2451739311218262
-1.400675654411316, -0.13828906416893005
0.4557727873325348, 0.5283021926879883
-0.23753440380096436, 0.2497175633907318
-0.8162844181060791, -0.8902097344398499
-1.0587637424468994, 0.15297210216522217
0.2719676196575165, 2.4145607948303223
-1.2179253101348877, -0.1525283008813858
-0.5938677191734314, 0.4999552369117737
-0.7482062578201294, 1.3017163276672363
-0.8955610990524292, 0.16062003374099731
0.6143307089805603, 0.8343488574028015
-0.18362094461917877, 1.620092511177063
-1.0066776275634766, 0.4396340548992157
-0.26315680146217346, 0.9963125586509705
-0.16639672219753265, 1.3156077861785889
-0.02282775193452835, 1.4581458568572998
0.9495053291320801, 0.8644315004348755
-0.7019091844558716, 0.5089775919914246
-0.529964029788971, 0.8062857985496521
-1.1354422569274902, 0.39501953125
0.7351393699645996, 1.1151922941207886
-0.5377592444419861, 0.49536561965942383
-0.4210686981678009, 0.9817834496498108
-0.3176889717578888, 1.0273385047912598
0.3716175854206085, 1.215404748916626
0.02391369640827179, 0.8833936452865601
-0.7983036041259766, 0.24598830938339233
0.03118281252682209, 0.98011714220047
-0.5914276838302612, 0.9185792803764343
0.24192148447036743, 0.5712340474128723
-0.2860048711299896, 0.8926846981048584
-0.5487530827522278, 0.5393155217170715
-0.18520855903625488, 0.7860142588615417
-0.24966372549533844, 0.8432515263557434
0.22321727871894836, 0.31594693660736084
-0.3211376965045929, 0.5595515966415405
-0.465135782957077, 0.8651190996170044
0.038933295756578445, 1.1500438451766968
-0.7256693840026855, 0.8138601779937744
-0.6099667549133301, 0.4405467212200165
-1.1293625831604004, 0.6014658212661743
-0.9029362201690674, 0.4344944655895233
0.09692411869764328, 1.0418670177459717
0.08695077896118164, 1.5056161880493164
-0.21875663101673126, 0.996135413646698
-0.33741214871406555, 0.46367135643959045
-0.4370364546775818, 0.8488963842391968
-1.055284857749939, 1.0822545289993286
-0.017952727153897285, 0.9184654355049133
-1.1325557231903076, 0.31819358468055725
-0.5643303394317627, 0.992681622505188
0.6083571314811707, 1.4917306900024414
-0.3869544565677643, 0.8967328071594238
-0.8376235961914062, 1.443752408027649
0.49449849128723145, 1.4538493156433105
-1.2406117916107178, 0.29491904377937317
-0.34813523292541504, 0.7481263279914856
0.7186265587806702, 1.448805332183838
-0.04708019644021988, 1.1421149969100952
-0.1096758097410202, 0.7154052257537842
-1.4139413833618164, 0.5520907044410706
-0.517988920211792, 0.4713001847267151
-0.268478661775589, -0.06357567012310028
-0.5691776275634766, 0.336911141872406
-1.2015553712844849, 1.0927283763885498
-1.1561871767044067, 0.39205026626586914
0.47466549277305603, 2.430908441543579
-0.8656250834465027, 0.5380529761314392
-0.31411460041999817, 0.9345577955245972
0.5471082329750061, 1.4007692337036133
-0.6998966336250305, 0.13705794513225555
-1.5215039253234863, 0.767886221408844
-1.3353976011276245, 0.765157163143158
-1.0664616823196411, 1.1302428245544434
-1.6028496026992798, 0.7446912527084351
-1.712292194366455, 0.6393546462059021
-0.781021237373352, 0.2843639850616455
-1.1433717012405396, 0.3901090919971466
-1.014487385749817, 0.9771614670753479
-0.6642650961875916, 0.4371323883533478
-0.020716607570648193, 0.9440373182296753
0.3398783206939697, 1.7271240949630737
-0.7577226758003235, 0.6942067742347717
0.24139422178268433, 0.7041708827018738
-0.908020555973053, 0.9347087144851685
0.1099742203950882, 0.43533074855804443
-0.6853799223899841, 0.7505449056625366
0.8038437366485596, 1.383242130279541
-0.791808545589447, -0.16048237681388855
0.2745562493801117, 0.41289830207824707
-0.8167611360549927, 0.7599881887435913
0.14554250240325928, 0.7445695400238037
-0.4237681031227112, -0.6304441690444946
-0.024981942027807236, 1.0020461082458496
0.38051748275756836, -0.04782673344016075
-0.38216909766197205, -0.007454210426658392
0.2163424789905548, 0.5339938402175903
-0.45102742314338684, 0.033350180834531784
1.973357081413269, 0.039092808961868286
-1.1165094375610352, 0.08070769160985947
-1.3815176486968994, 0.23366136848926544
-0.7582741975784302, 1.5193153619766235
-0.6469783782958984, 0.518277108669281
-0.19366155564785004, 0.6730644702911377
-0.08751469850540161, -0.3114683926105499
0.31569063663482666, 0.5172201991081238
0.7321109771728516, -1.2029410600662231
0.5159766674041748, 1.4234251976013184
-0.8106690049171448, -0.9623017311096191
-0.8317676782608032, 0.42232635617256165
-1.2038685083389282, 0.48657649755477905
-0.5735639929771423, -0.6964209675788879
-0.8592744469642639, 0.7162812352180481
0.4133731722831726, 0.7117447257041931
0.43925976753234863, 1.1382298469543457
-0.21849432587623596, 0.20513901114463806
-0.3464477062225342, 0.19542868435382843
-0.4004824161529541, 0.5882437825202942
-0.337359756231308, 0.5863237380981445
-1.2402366399765015, 0.7973179817199707
-0.4572918713092804, 1.2110737562179565
0.7587594389915466, 1.220320463180542
-0.09779457002878189, 0.2408781498670578
-1.3320938348770142, -0.6641985177993774
-0.8939641714096069, -0.36874231696128845
-1.7309123277664185, 0.6882318258285522
-0.7961193919181824, 0.40010035037994385
-0.8903892040252686, 0.686970591545105
-0.13425318896770477, 0.9867013692855835
-0.6731732487678528, 0.5781989097595215
0.5153512954711914, 1.8566720485687256
0.3478935658931732, 0.7487676739692688
-0.43851438164711, 1.1308565139770508
-0.2668515741825104, 0.11963413655757904
-0.7247277498245239, 1.3033998012542725
-0.4144287407398224, 0.9671151638031006
-1.0240505933761597, 0.616237998008728
-0.8536487817764282, 1.2771211862564087
-0.2859358489513397, 1.3951836824417114
-0.7719904184341431, 0.33364102244377136
-0.7185137867927551, 0.43747708201408386
0.5831558704376221, 0.4173150956630707
-0.14608818292617798, 0.9787076115608215
-0.6504487991333008, 0.9698324799537659
-0.5720158815383911, 0.00889510940760374
-0.7908117175102234, 0.3759479522705078
-0.01658375933766365, 0.8941031098365784
0.026710238307714462, 1.4680455923080444
-0.18753279745578766, 1.1204527616500854
-0.7749472856521606, 0.8359590768814087
0.1874663233757019, 2.184519052505493
-0.3472360074520111, 1.3396698236465454
-0.34698486328125, 0.7100431323051453
0.9254418611526489, -0.6498031616210938
-1.7279881238937378, 0.6581369638442993
-0.822562038898468, 0.5081032514572144
0.7907435297966003, 1.1290788650512695
0.08368510752916336, -0.039835672825574875
-0.9390866160392761, 0.6367767453193665
-0.1668076068162918, 0.25299689173698425
-0.2724752426147461, 1.2468479871749878
-0.25289732217788696, 1.0055341720581055
-0.20103216171264648, 0.7487278580665588
-0.6654548645019531, 0.6826968193054199
0.4751909673213959, 0.8746926188468933
1.52216637134552, 2.1944522857666016
0.484926700592041, 0.5579423308372498
-1.0848262310028076, 0.2958715558052063
-0.8997946977615356, 0.16032248735427856
0.7529557943344116, 1.534968376159668
0.43639782071113586, -0.02830527164041996
-0.9536985754966736, -0.09611202776432037
0.38503026962280273, 0.4833104610443115
-1.0581130981445312, 0.12597033381462097
0.2895652949810028, 0.17650945484638214
-0.6715644001960754, 0.4119757115840912
-0.152802973985672, 0.9430845379829407
-0.905966579914093, 0.15811049938201904
-0.3521038591861725, -0.11440109461545944
0.804867148399353, 0.2754933834075928
-0.9209304451942444, 1.2058223485946655
-0.9081209897994995, 0.20660728216171265
-0.3741821050643921, 0.5035387873649597
-0.6874907612800598, -0.026814648881554604
0.14220185577869415, -0.4311951994895935
0.9347326755523682, 1.5285701751708984
-0.3552888333797455, 0.8995480537414551
-0.24663281440734863, 0.4051339328289032
0.5786658525466919, 0.3354479968547821
0.4372851848602295, 2.1001603603363037
0.30185848474502563, 1.3038538694381714
0.5111321210861206, 1.205840826034546
-0.060198377817869186, 0.770401120185852
-0.6756338477134705, 0.6275056004524231
-0.35950008034706116, -1.0902233123779297
0.19530200958251953, -0.05206376686692238
-0.3093900680541992, -1.140661358833313
0.8503429889678955, 1.0269992351531982
0.6254348158836365, 2.0063860416412354
-0.5897027254104614, 0.3644893169403076
-0.6848400831222534, -0.059781186282634735
-1.2619719505310059, 0.889131486415863
-0.00806799903512001, 0.5856797695159912
0.10191866010427475, -0.9660283327102661
0.6476227641105652, 0.01339665986597538
0.7531866431236267, 1.1232099533081055
0.1708049327135086, 0.5936592221260071
-0.53812175989151, 0.30461737513542175
-1.0895130634307861, 1.871910810470581
-0.3981002867221832, -0.39309221506118774
-1.6119765043258667, -0.4416052997112274
-1.1086472272872925, 0.017658542841672897
-0.4939638674259186, 1.0827678442001343
-0.3561660945415497, -0.8386197090148926
-0.7727196216583252, -0.6428273916244507
-0.4611729681491852, 0.11215170472860336
-1.53422212600708, 1.6182401180267334
-0.8917239308357239, 1.6462786197662354
-0.8317314982414246, 0.4951121211051941
-0.13484181463718414, -1.428734302520752
-0.31368833780288696, -0.3281283378601074
-1.5032563209533691, 0.4773026406764984
-1.6419113874435425, 0.6285592317581177
-1.2160831689834595, 1.1422076225280762
-0.386264443397522, 0.9860951900482178
-1.1559388637542725, 0.38826391100883484
-0.06669299304485321, 1.859154224395752
0.29526644945144653, 1.526444911956787
-0.13946685194969177, 0.8993197083473206
-0.35911640524864197, 1.0090147256851196
-1.2212653160095215, 0.12389758229255676
-0.5647499561309814, 0.9411004185676575
-0.2041359841823578, 0.9396158456802368
-1.2889578342437744, -0.019488930702209473
-1.1383168697357178, -0.14348158240318298
1.2316501140594482, 4.001143932342529
-0.773029088973999, 0.14220711588859558
-1.6248363256454468, 0.5259910821914673
-1.0983834266662598, -0.12997911870479584
-1.552324652671814, 1.2464529275894165
-1.2276874780654907, 0.34506848454475403
0.6712530851364136, 1.149856686592102
-1.5127524137496948, 0.1393647938966751
-1.9809094667434692, 0.6091852784156799
-1.047885537147522, 0.8169524073600769
-2.2563259601593018, 0.9698842763900757
-0.15670403838157654, 0.7770123481750488
-1.6765342950820923, 0.32862386107444763
-0.7636408805847168, 0.9335116744041443
-1.1907368898391724, 0.49825605750083923
-0.8487875461578369, 0.47130298614501953
-0.6672568321228027, 1.2380534410476685
-0.7923979163169861, 1.4917837381362915
-0.222990021109581, 1.3094691038131714
-0.46310093998908997, 0.6328877210617065
0.0800054520368576, -0.32058560848236084
-0.4334073066711426, 0.04450169950723648
0.6415703892707825, 0.12638258934020996
-0.5195523500442505, 0.17800608277320862
-0.04904629662632942, 1.8618614673614502
-0.4623385965824127, 0.024071985855698586
-1.0031870603561401, 0.781868040561676
-0.9628725051879883, 1.0256798267364502
-0.9974619150161743, 0.013552314601838589
-0.7836524248123169, 0.6313593983650208
-0.43426281213760376, 0.6229656934738159
0.10778901726007462, 0.2840452194213867
1.0130425691604614, 1.245351791381836
-0.9586737751960754, 0.6567350029945374
-0.23416180908679962, 0.18210086226463318
0.7165016531944275, 0.13921579718589783
0.05561386048793793, -0.20491407811641693
-0.34665077924728394, 1.0181975364685059
0.2970501780509949, 1.0096170902252197
-1.298383355140686, 0.7331722378730774
-0.6869226098060608, 1.8991707563400269
-1.0024259090423584, 0.2891731858253479
-0.16271965205669403, 0.762361466884613
-0.20100833475589752, 1.0523771047592163
-0.67582106590271, 1.0205916166305542
-0.3108501136302948, 0.41633400321006775
0.028317946940660477, 0.24712669849395752
0.0938427522778511, 0.1041766107082367
-0.05636996775865555, -0.44612324237823486
-0.2705477476119995, -0.08356333523988724
-0.862208366394043, 0.9038612842559814
-0.7519718408584595, 0.2708847224712372
0.08989104628562927, -0.04093888774514198
-0.620943546295166, 0.9823013544082642
-0.47022050619125366, 0.6689971685409546
-0.7420592308044434, 0.3660498261451721
-0.5809346437454224, -0.12713934481143951
-0.5770853757858276, 1.0383222103118896
-0.8334466218948364, 1.1974340677261353
-1.4883848428726196, 0.5670649409294128
-1.6009241342544556, 1.267073631286621
-0.957406222820282, 0.5571305751800537
-1.255690336227417, -0.12454286217689514
-2.2960429191589355, -0.34132304787635803
-1.9316930770874023, 1.333274245262146
-0.0463024377822876, 0.49480560421943665
-0.29601529240608215, -1.0156642198562622
-0.8863170742988586, -0.29640135169029236
-0.6112515926361084, 1.2540267705917358
0.21270471811294556, 1.679927945137024
0.2482425719499588, 0.22613592445850372
0.23857179284095764, 1.4862074851989746
0.35705411434173584, 1.0179296731948853
0.6272714138031006, 1.0685852766036987
0.49307021498680115, 2.064337968826294
-0.949834406375885, 0.6303865313529968
-0.8374725580215454, 2.123135566711426
-0.3360350728034973, 0.7508447170257568
-2.1619925498962402, 0.5388354659080505
0.2575848698616028, 1.080951452255249
-1.3128376007080078, 0.8598182797431946
-0.8177505135536194, 0.5892327427864075
-1.1138317584991455, -0.03886891156435013
0.1265060156583786, 1.0159491300582886
0.2647561728954315, 1.2659351825714111
1.0992745161056519, 1.2430105209350586
-0.9302535653114319, 0.29310375452041626
-1.218475341796875, 2.1090104579925537
-0.5678556561470032, 1.1502349376678467
-0.2899894714355469, 1.0299603939056396
-0.2768316864967346, 1.199948787689209
0.39902615547180176, 1.0850200653076172
-0.36998358368873596, 0.8735718131065369
-0.13532577455043793, 0.9477670192718506
-0.3518795967102051, 1.5043425559997559
-0.5547265410423279, 0.6088705062866211
-0.7009900212287903, 0.3339384198188782
-0.11948420107364655, 0.8548009991645813
-0.034828733652830124, 1.717934250831604
0.42499950528144836, 1.28146231174469
-0.06019965186715126, 1.1278066635131836
-1.0085999965667725, 1.3893299102783203
0.1595752090215683, 0.6122602820396423
-0.22193089127540588, 1.6460886001586914
0.14599159359931946, 1.1512415409088135
-0.06306178867816925, 1.1252418756484985
-0.6763370633125305, 0.12965252995491028
-1.2790040969848633, 1.7752195596694946
-0.7146203517913818, 1.1012284755706787
0.04473813623189926, 1.197096347808838
-1.6137471199035645, 0.19089087843894958
-0.7436408400535583, 0.36110955476760864
-1.0906065702438354, 2.1686766147613525
0.38911527395248413, 0.18767492473125458
-0.1917552649974823, 1.1050642728805542
-0.3917042315006256, 0.8406705260276794
-0.20437626540660858, 0.9473821520805359
0.7093673348426819, 1.0805184841156006
0.29821982979774475, 0.9727307558059692
0.013159198686480522, 1.268256425857544
-0.6568642258644104, 0.6949202418327332
-0.5712763071060181, 1.3464231491088867
0.9121381640434265, 1.9372856616973877
0.04536411538720131, 1.1268478631973267
0.4265059232711792, 1.2969906330108643
0.04701728746294975, 0.7762938737869263
-0.06759228557348251, 1.465157151222229
0.23522646725177765, 1.0001745223999023
0.7450855374336243, 0.6308267116546631
-0.6592199802398682, 1.5516189336776733
-0.7711378335952759, 0.36293140053749084
-0.2820902168750763, 1.2383661270141602
0.8837293982505798, 1.372051477432251
-0.4548932611942291, 0.8624014258384705
-0.4884012043476105, 1.5419881343841553
-0.3108426630496979, 1.434830665588379
-0.7975507974624634, 0.4680011570453644
-0.21864378452301025, 0.2705296576023102
-0.18139895796775818, 1.634145736694336
0.6128349304199219, 1.3804965019226074
0.3214167058467865, 1.110838770866394
-0.32628998160362244, 0.8872298002243042
1.3867206573486328, -0.40463417768478394
0.4267726540565491, 0.5329189300537109
0.21684691309928894, 0.36955955624580383
-0.6710115671157837, -0.3179105818271637
0.665291428565979, 0.599521815776825
0.7866827249526978, 0.7851749062538147
-0.2735157907009125, -0.3381340205669403
-1.3136686086654663, -0.4791021943092346
-0.7802643179893494, 0.5375046133995056
-0.2326042503118515, 0.0686093419790268
-0.6424024105072021, -0.5578455328941345
1.1042001247406006, 1.6509612798690796
0.36369094252586365, -0.3728088438510895
-0.7085133194923401, 0.9770925045013428
-0.9967884421348572, 0.39334768056869507
1.1389334201812744, 0.48832136392593384
0.6643551588058472, 0.7691542506217957
-0.3533347249031067, 0.6866808533668518
-1.50603187084198, 0.8760119676589966
0.6023107767105103, 0.33865129947662354
-1.348000168800354, 0.3002461791038513
-0.36058229207992554, -0.8053079843521118
-0.9072662591934204, 0.4048924446105957
-1.0617573261260986, -1.0592925548553467
0.3720723092556, 1.2472678422927856
1.1659655570983887, -0.4655178189277649
0.7167431116104126, 1.8386352062225342
-0.460553377866745, -0.47608381509780884
-0.7611402869224548, 0.799289882183075
-0.6089115142822266, -0.530282199382782
-0.9463045597076416, 0.6142096519470215
-1.6554372310638428, 0.7530379891395569
-0.8209484815597534, 1.1469627618789673
-0.5874896049499512, 1.2122176885604858
-1.1379387378692627, 0.8154160976409912
-1.0119507312774658, 0.8219146132469177
-1.541245698928833, 0.6533933877944946
-0.7743515372276306, 0.7425534129142761
-0.7356398701667786, 0.08248574286699295
-0.38466015458106995, 0.36772119998931885
-0.5655766725540161, 0.26999592781066895
-0.2929442822933197, 0.5733401775360107
-0.7102904915809631, 1.3709895610809326
-1.4320778846740723, -0.3118281066417694
-1.01119863986969, 0.3799128234386444
-0.22136619687080383, 0.6938996911048889
-0.9509029388427734, -0.22436466813087463
-1.1871713399887085, -1.0324286222457886
-0.6964215040206909, 2.1343936920166016
0.21548409759998322, 0.7532375454902649
0.06519932299852371, 0.647087812423706
1.0739609003067017, 1.0329220294952393
0.03219044208526611, 0.29865899682044983
-0.9032590389251709, -0.16180376708507538
-1.4138075113296509, -0.13332493603229523
-0.500370442867279, -0.35822629928588867
-1.3005768060684204, 0.8829981684684753
0.46299418807029724, 0.9368959665298462
0.01950727216899395, 0.6812524199485779
-0.7595948576927185, 0.8682113885879517
1.0508882999420166, 1.1880110502243042
0.35556185245513916, 2.377167224884033
-0.19012081623077393, 0.9963591694831848
-1.283414363861084, 0.762547492980957
-0.5583358407020569, 0.5871932506561279
-1.193579077720642, -0.03154366835951805
-0.08350955694913864, 0.2735593020915985
-0.07027832418680191, 0.08152056485414505
-0.5019609928131104, -0.01142499502748251
-0.1164914071559906, 1.7637581825256348
-0.004448657389730215, 0.8189913034439087
-0.4575933516025543, 1.3174333572387695
-0.7436429262161255, 1.7661892175674438
-0.527454137802124, -0.19280333817005157
-0.5569305419921875, 1.60972261428833
-0.26838669180870056, 1.1171461343765259
0.2465774118900299, 0.568314254283905
-1.081285834312439, 0.678667426109314
-0.08326594531536102, 1.42316472530365
-0.27501755952835083, 1.661362648010254
0.0052105397917330265, 0.7411085367202759
0.7180488109588623, 0.40582358837127686
-0.11285745352506638, 0.3272666335105896
-0.2924639880657196, 0.8202148675918579
-0.7858730554580688, 1.015194296836853
-0.2527812123298645, 0.23672044277191162
-0.2890394330024719, 1.6339409351348877
-0.8479199409484863, 0.554341733455658
-1.2901078462600708, 0.4131781756877899
-0.885586678981781, 0.978754997253418
-1.4314308166503906, 1.446426510810852
-1.2204817533493042, 0.5933113694190979
0.4384562075138092, -0.6628965735435486
-0.8153440952301025, 0.4611909091472626
-0.06685318797826767, 2.0125203132629395
-1.3740800619125366, 0.34984979033470154
-0.5374214053153992, 0.6408456563949585
-0.6644593477249146, 0.8023930191993713
-0.2401205450296402, -0.14518201351165771
0.4525563716888428, 1.2494406700134277
0.13461826741695404, 0.3896913230419159
-0.405929297208786, 0.7082693576812744
-1.326041340827942, 2.549004554748535
0.08977631479501724, 0.2920859754085541
-0.1900184154510498, 0.5085340142250061
0.1568376123905182, 1.023341178894043
0.7385156154632568, 0.6394599080085754
0.31006062030792236, 0.7441076040267944
0.005985992029309273, 0.5842246413230896
0.3675310015678406, 0.7637260556221008
0.6989842057228088, 1.0713951587677002
0.08120010048151016, 0.7824705839157104
-0.4482811391353607, 0.9745437502861023
0.41673070192337036, 0.8653241991996765
-0.21983501315116882, 1.2208893299102783
0.6588836312294006, 1.5993821620941162
-0.07320556789636612, 0.8101170659065247
0.18847517669200897, 0.9800477027893066
-0.29053276777267456, 0.5804163813591003
-0.58555006980896, 0.7193122506141663
0.2882152497768402, 2.2103896141052246
1.245943307876587, 0.8459402918815613
0.24741579592227936, 1.4454163312911987
-0.6599775552749634, 0.7523643374443054
0.27190259099006653, 1.7680413722991943
-0.35443663597106934, 0.9979559183120728
-0.9859486222267151, 0.6617935299873352
-0.5901227593421936, 1.0841165781021118
-0.8367493152618408, 1.0299068689346313
-0.3502548038959503, 0.8310226798057556
-1.4108901023864746, 0.0964054986834526
0.12079612910747528, 1.0574560165405273
1.407662272453308, 1.5322825908660889
-0.8525471091270447, 0.6081150770187378
-0.496942937374115, 0.5263693332672119
1.163021445274353, 0.9220241904258728
-0.558265745639801, -0.6401950716972351
0.7199319005012512, -1.394540548324585
-0.13052071630954742, 0.5632768273353577
0.11957110464572906, 1.3000413179397583
-0.42930296063423157, 0.6446687579154968
-0.7761418223381042, 0.570838987827301
-0.7971338033676147, 1.068591833114624
0.5300992131233215, 0.8795855045318604
-1.0191893577575684, 1.255582571029663
-0.8254469633102417, -0.14145483076572418
-0.5186803936958313, 0.3491166830062866
0.2264789342880249, -1.814184308052063
-0.22194510698318481, -1.7396607398986816
-0.4153091609477997, -0.5254594087600708
-0.11723629385232925, -0.3341328501701355
-1.1230121850967407, 0.7603504061698914
-0.9587212204933167, 0.8087886571884155
-0.6746528148651123, 0.8943651914596558
-0.3564627766609192, -0.8894181847572327
-0.25839030742645264, -0.427450031042099
-0.5998246073722839, 0.6809730529785156
-0.5318214297294617, -0.12126579135656357
-0.0792672261595726, -0.5742758512496948
-1.4944604635238647, 0.31572237610816956
-0.23581551015377045, 1.0984543561935425
0.19096018373966217, 0.8779270052909851
0.8896917104721069, -0.5094035863876343
-0.23095299303531647, 0.3931417465209961
0.6170549392700195, 1.5527557134628296
0.1865241974592209, 0.7128914594650269
-0.60397869348526, 1.280391812324524
0.835494339466095, 0.94939124584198
-0.17388860881328583, 1.467990517616272
1.025394320487976, 0.9553219676017761
-0.014954728074371815, 1.1371729373931885
-0.26490676403045654, 1.394917607307434
-0.7408878207206726, 1.2798349857330322
-0.24057547748088837, 0.08381188660860062
-0.42645421624183655, 1.8125845193862915
0.4308687746524811, 1.1685248613357544
0.22698409855365753, 1.4186420440673828
-0.84011310338974, 0.07535415887832642
-0.328562468290329, 0.5028272867202759
-0.307973176240921, 0.6016135215759277
-0.0461529903113842, 0.4571353793144226
-0.6466714143753052, 0.21753035485744476
0.6680648326873779, 1.1477744579315186
-1.022843837738037, 2.058716297149658
-0.889076828956604, 0.24853001534938812
0.5858795046806335, 2.011522054672241
-0.5570402145385742, 1.5265235900878906
-1.9860504865646362, 0.009528984315693378
0.6785895824432373, -0.5192476511001587
-0.4948517978191376, 0.2500103712081909
-0.010988577269017696, 2.035757303237915
-0.7518965005874634, 1.5645921230316162
0.9528281092643738, 0.2614375650882721
-1.0713595151901245, 0.6172881126403809
-0.9158339500427246, -0.4065278470516205
-0.6290246844291687, 0.3640860617160797
-0.9847406148910522, 0.9042354822158813
0.5979548096656799, 0.9099245667457581
-0.8806682229042053, 1.2018578052520752
-0.993312418460846, 0.40235215425491333
-0.04209040105342865, 0.39307016134262085
-1.4081201553344727, 0.6727427244186401
-0.6098625659942627, 0.6336355209350586
-0.17262127995491028, 0.9015687704086304
0.41650158166885376, 1.4833011627197266
-0.5874725580215454, 1.0447105169296265
-1.2616924047470093, 0.3523063659667969
-0.6488555073738098, 1.42820405960083
0.440956175327301, 0.7255902886390686
-1.0084477663040161, 0.3054687976837158
0.48857349157333374, -0.24854008853435516
-0.1018725037574768, 1.2275536060333252
0.13546712696552277, 1.5537890195846558
-0.8430953025817871, 1.0840593576431274
-0.6477261185646057, 0.8596926331520081
-0.79032963514328, -0.3271458148956299
-0.6052565574645996, 0.4108014404773712
-0.07710742205381393, 0.8927951455116272
-0.5222224593162537, 0.20256899297237396
-0.7195561528205872, -0.06116882711648941
1.6321333646774292, 0.8928824663162231
-0.7985857725143433, 0.360950767993927
-1.454361081123352, 0.32704421877861023
-0.8451237082481384, 0.42783263325691223
0.2379867285490036, 1.2058603763580322
-0.4760165810585022, -0.5302489995956421
-0.8170978426933289, -0.16493114829063416
-0.8898801207542419, -0.12510307133197784
-0.37024208903312683, 0.7272226214408875
-0.5496304631233215, 0.6351153254508972
-0.44431591033935547, -0.40930697321891785
0.2483743131160736, 1.1547889709472656
-0.3028128147125244, -0.5612809658050537
-0.052774351090192795, 1.4164434671401978
0.12167710065841675, -0.46792998909950256
-1.3151705265045166, 0.9975716471672058
-1.1065160036087036, -0.010454939678311348
-0.36445844173431396, 2.2896218299865723
-0.06975416094064713, -0.19947466254234314
-0.12142648547887802, 0.45655766129493713
1.0881625413894653, 0.46711209416389465
0.34523895382881165, 0.11559852957725525
-1.3941559791564941, 1.5191478729248047
-1.3719606399536133, 0.6710764169692993
-0.30024614930152893, 0.35315951704978943
-0.38092416524887085, 1.505286455154419
-0.696625292301178, 0.5094440579414368
-0.08176158368587494, -0.3751826286315918
-1.5083611011505127, 0.4381442666053772
-0.31503739953041077, 1.3046966791152954
-1.4989721775054932, -0.7408652305603027
-0.26084622740745544, 0.0030019814148545265
-1.0133085250854492, -0.015459312126040459
-0.8131555318832397, 0.36726152896881104
-2.008923053741455, 1.6727648973464966
0.01783401146531105, -0.2246057391166687
0.08156844973564148, 1.605346441268921
-0.5489644408226013, 0.04831795394420624
-1.0411303043365479, 0.8612706661224365
-0.39394623041152954, 1.7722326517105103
0.4219287931919098, 2.1555745601654053
-1.3757740259170532, 0.615222156047821
-1.2274633646011353, 0.4440072774887085
-1.0406477451324463, -0.0870271697640419
-1.3916364908218384, 1.4009239673614502
3.0036585330963135, 0.6574540138244629
-0.30668264627456665, 1.952946662902832
-1.5831435918807983, 0.7394155859947205
-1.216386318206787, -5.724184447899461E-4
-0.9942100048065186, -0.19963853061199188
-0.42502641677856445, 1.1293076276779175
-0.5888535380363464, 0.20692843198776245
-0.9387202858924866, 0.9203621745109558
-0.5779680013656616, 1.385184407234192
0.7713823914527893, 0.7029817700386047
-1.0413153171539307, -0.1434924602508545
-1.0704344511032104, 0.6802198886871338
-1.0831187963485718, 1.4542280435562134
-0.051146622747182846, 1.7738763093948364
-0.41503530740737915, -0.07901392132043839
1.4758424758911133, 0.2704387307167053
-0.9808180928230286, -0.09292077273130417
-1.1342222690582275, -0.007166639901697636
-0.1260543018579483, 0.5616851449012756
0.22301845252513885, 1.0529907941818237
-0.43807247281074524, -0.1417756974697113
-0.9022929072380066, 0.48421624302864075
-1.172874927520752, -0.5750575065612793
0.47411710023880005, 0.9657890200614929
-0.3125093877315521, 0.8481651544570923
-0.04394620284438133, 0.7782870531082153
-1.1153348684310913, 0.18464472889900208
-1.1610126495361328, 1.560070276260376
-1.310476541519165, 0.2085311859846115
0.1782209426164627, -0.025945082306861877
-0.8816508054733276, 0.18254515528678894
-0.1245327815413475, 0.23589874804019928
-0.4760493040084839, 0.1242767870426178
0.1280824840068817, 0.49353036284446716
0.408745676279068, 2.0495564937591553
-0.3813844323158264, -0.8155518174171448
0.9472513198852539, 0.2536575496196747
-0.47057509422302246, 0.8560291528701782
-0.3748849034309387, 0.7730761766433716
1.4968255758285522, -0.06380270421504974
-0.5638917684555054, -0.8202643394470215
-0.29139038920402527, 0.38231155276298523
-1.6262900829315186, 0.7758958339691162
-1.768850326538086, 0.3178679049015045
-1.3100345134735107, 1.786081314086914
0.7561951875686646, 0.39676252007484436
-1.1346303224563599, 0.7496782541275024
-0.874680757522583, 0.20347043871879578
-0.05172627419233322, 1.2943238019943237
-0.033149342983961105, 1.3859658241271973
-0.7436157464981079, -0.7360660433769226
0.37865304946899414, -1.2395902872085571
-0.26260119676589966, -0.051357757300138474
-0.1245327815413475, 0.23589874804019928
1.2940857410430908, 0.8993645906448364
1.7964786291122437, -0.2875120937824249
-0.2560930848121643, 2.5892539024353027
1.2409892082214355, 1.4668477773666382
-0.3735983371734619, 0.707696259021759
-0.25224512815475464, 0.007356681860983372
-0.2441110759973526, 0.848162829875946
-0.4914964437484741, 1.3574914932250977
-0.18482424318790436, 1.0995872020721436
-1.4276185035705566, 1.2671098709106445
-0.2546594738960266, 1.7729088068008423
-0.7828512191772461, 0.48079416155815125
-1.299371600151062, 2.9906110763549805
-1.095804214477539, 0.13938407599925995
0.6246638298034668, 0.33497095108032227
-1.0670180320739746, 1.9682507514953613
-1.1895872354507446, -0.4300510585308075
-0.056844692677259445, 0.439337819814682
-0.03407293185591698, -0.635738730430603
-0.6094169616699219, 0.41617506742477417
-1.072717547416687, -0.6499235033988953
0.021303819492459297, 0.918587327003479
-0.6988071203231812, 1.0884140729904175
-0.07951750606298447, 0.038630492985248566
-0.5896639227867126, -0.05590418353676796
0.4937830865383148, -0.38730424642562866
-0.731412410736084, -0.05726232752203941
-1.4006695747375488, 1.1499062776565552
-1.078331708908081, 0.5540696382522583
0.21757599711418152, -0.05870639905333519
0.436202734708786, 1.4499008655548096
1.1107813119888306, 0.6151253581047058
-0.33049777150154114, -1.2160139083862305
0.9056695699691772, 0.21741434931755066
-1.1281085014343262, 2.3017187118530273
0.9782475233078003, -0.43858200311660767
1.265909194946289, 1.9941926002502441
0.016024766489863396, -0.2805044651031494
0.3365407884120941, -0.5543308258056641
-0.4022817313671112, 0.08416227251291275
-1.4980279207229614, 0.2654263377189636
-1.253404974937439, -0.8209187984466553
-0.822141170501709, -0.22814276814460754
0.6317301392555237, 2.635545015335083
-0.1362909972667694, -0.12975439429283142
0.5012885332107544, -0.5713252425193787
-1.1645822525024414, 1.0067857503890991
0.03987126424908638, 1.7495638132095337
-0.07467177510261536, 0.4876324236392975
0.7991636395454407, 0.9885084629058838
0.5210990905761719, -0.15845565497875214
1.4595369100570679, -0.3716597557067871
-1.2056365013122559, -0.8279175758361816
1.3676517009735107, 1.259925127029419
-0.23162952065467834, -0.1657874584197998
-0.6620700359344482, -0.7818781733512878
0.19342513382434845, 0.4691658616065979
0.6150435209274292, 0.7982171773910522
-0.252507746219635, 0.43067219853401184
0.06294716149568558, 1.4771270751953125
0.8930419087409973, -1.07975435256958
-0.5506179332733154, -0.7426967620849609
-1.8586370944976807, 0.5511348843574524
-0.9858911633491516, 1.6632537841796875
-0.3231225311756134, -0.028281474485993385
0.999786913394928, 1.0251752138137817
0.16802099347114563, 1.5324939489364624
0.7087313532829285, 1.6711921691894531
1.186936855316162, 1.1605697870254517
0.24803906679153442, 1.8133182525634766
-0.6535792350769043, 0.8042067885398865
-0.7702563405036926, 0.26426994800567627
-1.0437432527542114, 0.05663834884762764
0.7629355192184448, 1.6292346715927124
-0.5642369985580444, 0.4352096915245056
-0.5239195227622986, 0.43078434467315674
-1.1383568048477173, 0.34860706329345703
-0.3906208276748657, 0.5804145336151123
-0.6982230544090271, 0.1680837720632553
0.877545177936554, 1.3939547538757324
-0.7680157423019409, 0.26164916157722473
0.5909691452980042, 1.7674604654312134
-0.17162105441093445, 0.9669989347457886
-0.7557307481765747, 0.24647337198257446
-0.8102525472640991, -0.6726051568984985
-0.9212374687194824, 0.012387669645249844
0.030869444832205772, 1.4801993370056152
-1.1505122184753418, 0.12344478070735931
-0.7256491184234619, 1.3899749517440796
0.05675889551639557, -0.9865740537643433
-1.3156733512878418, -0.10886276513338089
-1.1866800785064697, 0.8951286673545837
-1.3101001977920532, 0.35746052861213684
-0.29734957218170166, 2.3524417877197266
0.0614733025431633, 0.6907752156257629
-0.2540033161640167, 0.5945940017700195
-1.3474997282028198, 1.8585433959960938
-0.5490764379501343, -0.30134204030036926
0.8067965507507324, 0.364633709192276
-0.7972939014434814, 0.9825449585914612
-0.29061639308929443, 0.962222695350647
0.9028685688972473, 0.5524890422821045
0.5028196573257446, 1.4667057991027832
0.36340317130088806, 0.5450561046600342
0.4820998013019562, 0.12829065322875977
0.09661620855331421, 0.8308372497558594
-0.9698588848114014, 1.1020119190216064
-0.21535180509090424, 1.8846629858016968
-0.11754715442657471, 1.394569993019104
-0.24903617799282074, 0.8845259547233582
-0.24988886713981628, 1.8026940822601318
-0.2197575569152832, 2.0970265865325928
-1.295500636100769, 0.043188028037548065
0.05252140760421753, 0.500028133392334
-0.5105409622192383, 1.6089553833007812
-1.2748749256134033, 0.6822143793106079
0.47838717699050903, 1.6309913396835327
0.81028151512146, 1.7881360054016113
-0.09150239825248718, 1.4161710739135742
-0.14010865986347198, 1.0855967998504639
-1.6037261486053467, 0.9117591381072998
-1.3658645153045654, 0.8555954694747925
-0.601952314376831, 1.164632797241211
-0.3855178654193878, 0.6362764835357666
-0.46745565533638, 0.27296024560928345
-0.5400248169898987, -0.2204630821943283
0.8577947616577148, 0.5253348350524902
-0.42519912123680115, 0.5034816265106201
-1.9679951667785645, 1.6137657165527344
-0.6324595808982849, 0.12638816237449646
-1.8662302494049072, -0.143597811460495
0.1721440553665161, 0.6653233766555786
-1.8918569087982178, 0.7959238290786743
0.40266555547714233, 0.39057621359825134
-1.3039462566375732, -0.09375923126935959
-0.06485046446323395, 0.5967540740966797
-0.539398729801178, 0.34884077310562134
0.5774679780006409, 0.5468308925628662
-0.7009154558181763, 2.0033183097839355
-0.5708581209182739, -0.10350155085325241
0.21682749688625336, -0.31921547651290894
0.5260671377182007, 0.7170306444168091
-0.8333958983421326, -1.6247410774230957
1.1703648567199707, -0.9156087040901184
1.130260944366455, -0.9204373955726624
-1.0422041416168213, 0.23086707293987274
-1.1703238487243652, 0.4320076107978821
-0.6027675867080688, 0.49658074975013733
-1.0815156698226929, 0.26769593358039856
-1.510804533958435, 0.27556687593460083
-0.15818333625793457, 0.5150812268257141
0.34201309084892273, 1.5075297355651855
1.919965147972107, -0.6032795310020447
-0.012044044211506844, 1.0338937044143677
0.5456147193908691, 1.194218635559082
0.5835344195365906, -0.21100951731204987
-0.24663083255290985, 1.2746614217758179
-0.07170265913009644, 0.7018328309059143
0.07221751660108566, 0.9758685827255249
-0.44984206557273865, 0.5256662368774414
-0.07716511189937592, 0.1232609674334526
-0.6280332803726196, 1.4761133193969727
-1.0210065841674805, -0.040176715701818466
1.0646055936813354, 0.971830427646637
-0.07556387782096863, 0.6424187421798706
-1.0892512798309326, 0.9962983727455139
-0.1412142515182495, 0.3510437309741974
0.8763573169708252, 1.5725038051605225
2.296546220779419, -0.1460420936346054
-1.5480396747589111, -0.1883927881717682
0.7124122381210327, 0.8830774426460266
-0.34969455003738403, -1.7421880960464478
0.0011764445807784796, -0.2292253077030182
-0.08014978468418121, 0.940025806427002
-0.582317054271698, -0.04505150765180588
-1.1829743385314941, 0.28856366872787476
-1.2939293384552002, 1.6529055833816528
-0.4579315185546875, -0.21252579987049103
-1.462256669998169, 0.39852404594421387
-1.330836296081543, 0.9897922873497009
-0.8325908184051514, 0.2823195457458496
-1.1753443479537964, 0.3051717281341553
0.14830230176448822, -0.9404772520065308
-0.005186354275792837, -0.6561256647109985
0.2096153348684311, 0.09606415033340454
-0.7550081610679626, 0.7658147811889648
-0.37653064727783203, -0.23276551067829132
-1.5651757717132568, 0.09112387150526047
-0.38199934363365173, -1.009563684463501
-1.03434419631958, 0.2513487935066223
-0.836780309677124, 0.5723840594291687
0.6788995265960693, 0.9289268255233765
-1.5590846538543701, 1.3174469470977783
-0.9096916913986206, 0.16520251333713531
-0.10461768507957458, 0.23540833592414856
-0.2268231213092804, -0.8234763741493225
-0.4377317428588867, 0.5154694318771362
-0.7157771587371826, 0.10995852947235107
-0.7941769957542419, 0.6372373104095459
-1.7632333040237427, -0.3028407692909241
0.23384912312030792, 1.1620734930038452
0.07359426468610764, 1.1527117490768433
0.867366373538971, 1.9500072002410889
0.5005486607551575, -2.258528709411621
-0.8436155915260315, 0.3414284884929657
-0.33027324080467224, 1.0935648679733276
-1.217938780784607, 0.12726032733917236
-0.9891700148582458, 0.28084084391593933
0.2516978979110718, 1.1764272451400757
-1.0923818349838257, 0.4796098470687866
-0.47528156638145447, 1.0093451738357544
1.289901614189148, 0.18581487238407135
-2.0918614864349365, 2.7037036418914795
0.03419782593846321, 2.0241308212280273
0.5998170971870422, 1.3046422004699707
0.5694311857223511, 0.44128960371017456
-0.7299315333366394, 1.6418863534927368
-0.24523277580738068, 3.1464428901672363
-0.0902014672756195, 0.4983493983745575
0.21541853249073029, 2.241208791732788
-0.3643018901348114, -0.3098832070827484
-1.1720391511917114, 0.4285274147987366
-0.6439645886421204, 0.8354377150535583
1.7433799505233765, 1.2340478897094727
0.06374405324459076, 0.6776520609855652
-0.8126734495162964, 0.591227114200592
0.7096162438392639, 1.376176118850708
0.5304679870605469, -0.10331950336694717
-0.03704582899808884, -0.030024388805031776
0.6075562238693237, 0.7578333616256714
-0.5392436981201172, 1.0576753616333008
1.192586064338684, 0.6180452108383179
-0.34164851903915405, 2.0564494132995605
-0.7300467491149902, 0.20367494225502014
0.9449599981307983, -0.8667778968811035
-1.454910397529602, 0.6826293468475342
-0.8734554052352905, 0.7538338899612427
-0.9518293142318726, 0.7339226007461548
0.695618212223053, -0.417936235666275
0.8774830102920532, 2.3493423461914062
-0.791475772857666, 2.994377374649048
-0.8473889827728271, 0.8912321329116821
-0.05738656222820282, 0.7428607940673828
-0.30349454283714294, 0.42695102095603943
0.4337315261363983, 0.9587714672088623
0.588477611541748, 1.1543046236038208
1.7324122190475464, 1.0652556419372559
0.1631668657064438, 1.0316044092178345
-0.6829099655151367, -0.5568591356277466
1.1206142902374268, 0.7388248443603516
0.3547537922859192, 0.2772234082221985
-1.0275319814682007, -0.3921954035758972
0.2808787524700165, 0.3848568797111511
-1.2524276971817017, 0.6966578960418701
-0.09294308722019196, 1.5775748491287231
0.11079403758049011, 0.11083614081144333
-0.26417216658592224, 1.2550675868988037
1.0396078824996948, 0.5371206402778625
-0.6858717799186707, 1.400788426399231
1.898311734199524, 1.5296745300292969
1.615580439567566, -0.33867505192756653
0.02247547172009945, 1.0721310377120972
0.36774882674217224, -0.9726430177688599
-0.5655764937400818, 0.30546537041664124
0.41657572984695435, 1.235331654548645
-0.6144611835479736, 0.7116397619247437
-0.8355342745780945, 0.6266345381736755
-0.42891037464141846, 2.4725356101989746
0.28036463260650635, 0.9276554584503174
0.1497069001197815, 0.834466814994812
-0.6176613569259644, 0.8337328433990479
0.2734948992729187, 0.4986945688724518
-0.6002220511436462, 1.2822697162628174
0.3888693153858185, 1.3951064348220825
0.7613847255706787, 0.41584721207618713
0.403049498796463, 2.188673973083496
0.2270299643278122, 0.37774455547332764
0.8223321437835693, 1.3889142274856567
-0.38003554940223694, 0.7440842390060425
-0.9453045725822449, 0.040192365646362305
-1.0441101789474487, 2.0360846519470215
-0.2644031047821045, -0.20694267749786377
-0.7576030492782593, 0.041747141629457474
0.22397753596305847, 2.102942943572998
-0.9359390139579773, 0.7918849587440491
-0.48159924149513245, -0.2638950049877167
-0.29456332325935364, 2.788534164428711
0.3745110034942627, 0.10074815899133682
0.08305129408836365, 0.4750937819480896
0.9136120676994324, 1.0956414937973022
-0.052834272384643555, 0.11074798554182053
-1.1063122749328613, 0.20688214898109436
-0.25530534982681274, 0.25035470724105835
-0.7154515385627747, 0.24017366766929626
1.2391629219055176, 0.28437939286231995
0.35256701707839966, 1.1465842723846436
0.11875371634960175, 0.07596732676029205
0.06572877615690231, 0.3775258958339691
-2.0327606201171875, 0.5992342829704285
-1.075448989868164, 1.3023720979690552
0.6874906420707703, 3.0634028911590576
-0.9384704232215881, 0.6043083071708679
-0.4821680784225464, 0.3803483843803406
-0.084327831864357, 1.9613145589828491
0.25051313638687134, 0.5197607278823853
1.514151930809021, 1.7396926879882812
0.6355192065238953, 1.037307620048523
-0.16715118288993835, 0.5097227096557617
-0.7784033417701721, -0.32556864619255066
-2.0764496326446533, -0.4681459367275238
-0.23295702040195465, 0.542730450630188
-1.46107017993927, 1.9365237951278687
-1.5286082029342651, 1.209044098854065
-0.20403237640857697, -0.21232084929943085
-0.10255351662635803, 0.5602138042449951
0.6219372749328613, 0.5639448761940002
0.9106788635253906, 1.5353902578353882
-1.714334487915039, 0.8105798959732056
0.20376212894916534, 0.5083795189857483
1.1557468175888062, 2.032789468765259
-0.07970905303955078, 0.3108515441417694
0.051847733557224274, 2.615466356277466
-1.3351473808288574, 0.9023653268814087
0.06986551731824875, 1.238937497138977
-0.409771203994751, 0.14134597778320312
-0.7555723786354065, 1.442915678024292
0.8958261609077454, -0.26970940828323364
0.040716201066970825, 0.09093684703111649
-0.46969276666641235, -0.5515782237052917
-0.8430718779563904, 1.1876356601715088
-1.6174256801605225, -0.9864469766616821
0.26956817507743835, 1.928580641746521
1.074297547340393, 1.7487784624099731
-0.5379752516746521, -0.6748252511024475
-0.5159968733787537, 0.31792011857032776
-0.6424745321273804, 0.6231483221054077
0.7788869738578796, -0.08034873008728027
-2.3998937606811523, 1.5660778284072876
0.9321644902229309, 0.7661936283111572
0.22040393948554993, 1.4005986452102661
2.1319808959960938, 0.28655365109443665
0.018571510910987854, 0.46914324164390564
-0.6991426348686218, 1.5902533531188965
0.9623405337333679, 0.9671711325645447
0.9172128438949585, 0.06944301724433899
0.3281732499599457, 1.1631501913070679
-0.0749204084277153, 0.8932579755783081
0.4676159620285034, 1.2135734558105469
-0.1166418045759201, 2.1099302768707275
0.15735763311386108, 2.347754716873169
0.4700716733932495, -0.14289802312850952
0.012086872942745686, 0.8992552161216736
0.48740676045417786, 1.7247754335403442
-0.1674547642469406, 0.823217511177063
-1.7016927003860474, 0.43639424443244934
-0.5076358318328857, 0.1506243795156479
0.9633904099464417, 1.1979424953460693
0.2798976004123688, 1.2332605123519897
-0.46653449535369873, 0.6853417754173279
-0.41830068826675415, 2.143585443496704
0.4742527902126312, 1.3776973485946655
1.0250141620635986, 1.2216607332229614
-1.1734520196914673, 0.8583418130874634
-0.997596263885498, 0.29339927434921265
0.3229863941669464, 0.1309339553117752
-0.9363462328910828, -0.6794468760490417
-1.0426055192947388, 1.6314384937286377
-0.16357381641864777, 0.9277681708335876
0.4198109805583954, 0.8655213117599487
-0.3388141691684723, 1.4478302001953125
-0.5902255773544312, 1.2798703908920288
0.3633477985858917, 0.489526629447937
-1.03702712059021, -0.7989002466201782
-1.1046266555786133, 0.5388534069061279
-1.1324390172958374, 1.3390405178070068
0.6740030646324158, 0.29618406295776367
-0.9895316362380981, 1.6104600429534912
-1.5470144748687744, 1.675737977027893
-0.6468591690063477, 1.0149085521697998
-0.3198438882827759, -1.0236936807632446
0.3876654803752899, 0.29439905285835266
0.29074913263320923, 0.2207992970943451
-0.494171679019928, 0.40936100482940674
-0.6976845264434814, -0.18016648292541504
-1.331510305404663, -0.5340522527694702
1.5847469568252563, 1.0750985145568848
1.2150492668151855, -0.08716573566198349
-0.9073867201805115, -0.9173284769058228
-0.06616618484258652, -0.16845136880874634
-0.2618778645992279, 0.31960833072662354
1.2178987264633179, -0.12459217011928558
-0.11577233672142029, -0.7934922575950623
0.8773373961448669, -0.47975558042526245
-0.5046432614326477, 0.7939707040786743
-0.313082754611969, -0.06289776414632797
0.6142528653144836, 0.14903390407562256
-0.20390823483467102, 1.0436729192733765
-0.28310346603393555, 1.5268383026123047
-1.7628718614578247, -0.02142457850277424
-0.30945247411727905, -1.4408894777297974
0.8588689565658569, -0.06120966374874115
0.5708295702934265, 0.25006672739982605
0.49935877323150635, 0.18593986332416534
0.3975473642349243, -0.10892906785011292
0.26663604378700256, 0.6760432124137878
-0.3329465389251709, 0.5572671890258789
-0.04569797217845917, 1.3640986680984497
0.012948700226843357, 0.07947114109992981
0.49726757407188416, 1.6116199493408203
-0.106295645236969, 0.8342937231063843
-4.121818346902728E-4, -0.8834563493728638
1.0606950521469116, -0.12293948233127594
-0.6968914270401001, -0.3259258568286896
0.44120466709136963, 0.4181583821773529
-1.1883468627929688, 0.9999299645423889
-1.0224748849868774, 0.8752962946891785
-1.7078089714050293, 0.4924013316631317
0.7553331255912781, 0.44125622510910034
-1.5394041538238525, 0.554351806640625
-0.9511902928352356, 0.59785395860672
-1.2631416320800781, 0.4589608609676361
0.3343254625797272, -0.5986027121543884
-0.3986852169036865, -0.03309892863035202
-2.6150338649749756, 1.0512118339538574
-0.9587645530700684, 0.09388041496276855
-0.8250091671943665, 0.7442248463630676
0.1780957281589508, 0.9623234272003174
-0.029845967888832092, -0.7673729062080383
0.379436731338501, 0.33542436361312866
-0.4810369610786438, -0.049923092126846313
-0.4862478971481323, 0.18505264818668365
-0.20071642100811005, 0.44447627663612366
-0.1240570917725563, 0.13676701486110687
0.43272557854652405, 2.6630194187164307
0.8650301694869995, 0.10079991072416306
-0.6514232158660889, -0.17241518199443817
-1.0111654996871948, 0.9967986941337585
-1.1077373027801514, -0.25265854597091675
-0.10443870723247528, 0.34994128346443176
0.1344437152147293, -0.3189471662044525
-0.5467346906661987, -0.3705008625984192
0.690721333026886, 0.5444785952568054
-2.181687831878662, 1.2876354455947876
0.9834780097007751, 2.192688465118408
0.08625292032957077, 1.0346146821975708
-0.6376714110374451, 1.0581721067428589
-1.066603422164917, 0.5827943086624146
0.3646709620952606, 0.5940185785293579
-0.7345514893531799, 0.2647212743759155
0.5109908580780029, 0.14677821099758148
-0.6729874610900879, 1.4156975746154785
0.3479281961917877, -0.0034776944667100906
0.04447132349014282, -0.0047049629501998425
0.04447132349014282, -0.0047049629501998425
0.13341397047042847, -0.01411488838493824
-0.42671456933021545, -0.09611866623163223
0.4155063331127167, 1.3855631351470947
1.033694863319397, 0.8981314301490784
1.0318905115127563, -0.053496718406677246
-0.760418176651001, 0.39810842275619507
-0.518836259841919, 0.46351659297943115
-0.5216915607452393, 0.5217365622520447
-0.02865871973335743, 0.2936505079269409
0.23946109414100647, 1.3676927089691162
-0.4736586809158325, 0.0295928455889225
0.17196092009544373, 1.0787920951843262
-0.19857026636600494, 1.0629494190216064
0.8821707367897034, 1.0837955474853516
0.608934760093689, -0.5070444941520691
-0.4736586809158325, 0.0295928455889225
1.0152586698532104, 0.9544553756713867
0.10339689254760742, 0.6427949666976929
-0.3303776979446411, 0.5915817618370056
-0.4736586809158325, 0.0295928455889225
0.2600157558917999, 1.1466822624206543
0.03855056315660477, 1.147707223892212
0.14101369678974152, 0.6644532680511475
0.6197034120559692, 0.3453262150287628
-0.4705739915370941, 0.02203180082142353
0.6043956279754639, -0.0572224035859108
-0.634765088558197, -1.8071657419204712
-0.8935211896896362, 0.33422762155532837
-0.03523668274283409, 1.5917277336120605
-0.4736586809158325, 0.0295928455889225
-0.4736586809158325, 0.0295928455889225
-0.4736586809158325, 0.0295928455889225
-0.4736586809158325, 0.0295928455889225
-0.5165952444076538, 0.6421113014221191
-0.21965979039669037, 0.10986068844795227
-0.1523009091615677, 0.7725088000297546
0.6368594169616699, 1.4287528991699219
-0.4736586809158325, 0.0295928455889225
-0.4736586809158325, 0.0295928455889225
-0.07059009373188019, 0.0323566235601902
0.824357271194458, 1.3059589862823486
0.661392867565155, 1.4399819374084473
0.041794560849666595, 0.015397589653730392
0.5051112174987793, 1.0761011838912964
0.7914666533470154, 1.283138632774353
-0.15132319927215576, -0.06014788895845413
-0.0025307522155344486, 0.651508092880249
-0.4736586809158325, 0.0295928455889225
-0.016375288367271423, 0.309623122215271
0.9557015299797058, 0.90655517578125
0.35877397656440735, 0.2855236232280731
-0.4736586809158325, 0.0295928455889225
-0.4736586809158325, 0.0295928455889225
-0.19843120872974396, 0.0498550646007061
-0.4736586809158325, 0.0295928455889225
-0.459786981344223, 1.8067132234573364
0.5654350519180298, 2.7367539405822754
0.728166937828064, 0.9012005925178528
0.9385810494422913, 1.2140153646469116
-0.24648743867874146, 0.1656019538640976
0.8197002410888672, 0.46594396233558655
-0.4736586809158325, 0.0295928455889225
-0.4382579028606415, -0.0016245871083810925
0.8617095947265625, 0.886538565158844
-0.2650085985660553, 1.0635050535202026
0.4243578016757965, 0.7138162851333618
0.20888055860996246, 0.3414190709590912
0.7364742159843445, 0.6896919012069702
1.7915074825286865, -0.23695890605449677
-0.2484348714351654, 0.5970151424407959
0.01396408025175333, 0.010520790703594685
-0.858759343624115, -1.2867674827575684
-0.23893557488918304, 0.14346159994602203
0.8023343682289124, 1.2232849597930908
-0.06911541521549225, 0.9349163174629211
-0.7849576473236084, 0.07134251296520233
0.1773930788040161, 0.9419647455215454
-1.2629809379577637, -0.6273189187049866
-0.6862865686416626, 0.1327299177646637
-0.10980241000652313, 0.21309001743793488
0.22997362911701202, 0.38479724526405334
-0.8602846264839172, 1.1632953882217407
0.15767480432987213, -0.22879517078399658
1.1524802446365356, 0.8390899300575256
-0.7863505482673645, 1.008176326751709
0.10125671327114105, 1.2131754159927368
-0.49335458874702454, -0.06648751348257065
-1.1640779972076416, 1.1646093130111694
0.5012889504432678, 0.320564866065979
0.45592543482780457, -0.11373436450958252
0.8406470417976379, 0.6654193997383118
1.036461353302002, 0.18377968668937683
1.1281514167785645, 2.0532732009887695
-0.6082583069801331, 1.2398821115493774
-0.36035391688346863, 0.6981236934661865
0.05444519594311714, 0.10134690254926682
-0.643327534198761, 1.0175803899765015
0.25955167412757874, -0.8137587904930115
-0.006283842027187347, 0.3284311592578888
-1.3238903284072876, 0.7089884281158447
-0.12090799957513809, 1.0425684452056885
-0.25977200269699097, 0.1299639195203781
-0.8820266127586365, 0.04548419266939163
0.5885839462280273, 0.3339869976043701
-0.38965797424316406, 0.19494587182998657
-0.5195440053939819, 0.2599278390407562
-2.0503740310668945, -0.3314409852027893
0.07689899951219559, 0.14669308066368103
0.19919897615909576, 1.0538963079452515
0.5841674208641052, 0.6822531223297119
0.07332784682512283, 0.5977638363838196
-0.4025487005710602, 0.3136325180530548
-0.6402287483215332, 0.2751618027687073
0.6871515512466431, -0.0314469188451767
0.10062117129564285, 0.9846804738044739
0.13250119984149933, 1.5696965456008911
-0.18165223300457, 0.5965368747711182
-0.10651116818189621, 0.1226319745182991
0.04803185164928436, 0.45720475912094116
-0.13955141603946686, 0.11813243478536606
-0.5587087273597717, 0.021653970703482628
0.6676796674728394, 0.10105741024017334
-0.4316995143890381, 0.6768251657485962
-0.0671880766749382, 0.22452983260154724
-0.14370663464069366, 0.43034547567367554
-0.45599204301834106, -0.09111717343330383
0.2843562960624695, 0.18768027424812317
-0.0700722187757492, 0.015393868088722229
-1.0445280075073242, 0.3476351797580719
-0.99407559633255, 0.11763346195220947
-1.4333316087722778, -0.27955496311187744
-1.417622447013855, 1.6047672033309937
0.32679498195648193, 1.870995044708252
-1.6358009576797485, 0.9912769794464111
0.6167329549789429, 0.5693710446357727
0.07411013543605804, 0.8051102161407471
-0.20885953307151794, 0.1732359379529953
-0.6670615077018738, 0.1257389485836029
-0.21439793705940247, 1.391312599182129
-0.10719896852970123, 0.6956562995910645
-0.07358798384666443, 0.8044627904891968
-0.10719896852970123, 0.6956562995910645
1.5693655014038086, 1.3378467559814453
-0.16079846024513245, 1.0434844493865967
-0.21439793705940247, 1.391312599182129
0.3403855562210083, 0.8479540944099426
-0.16079846024513245, 1.0434844493865967
-0.10719896852970123, 0.6956562995910645
0.25999346375465393, 1.5468213558197021
-0.13726526498794556, 1.7526527643203735
0.23448798060417175, 0.034377776086330414
0.05842223018407822, 0.6115376353263855
0.9546892642974854, 1.1852855682373047
0.7166833877563477, -9.761211113072932E-4
-0.1764601618051529, 0.7081510424613953
-0.33971527218818665, -1.1642426252365112
-0.8020044565200806, 0.4252488911151886
-0.1482568383216858, -0.7165952920913696
-0.31204184889793396, -0.11990316212177277
-1.1310856342315674, 1.1128008365631104
-0.5481969714164734, 0.4377968907356262
0.424819678068161, 0.4756092131137848
0.3108193576335907, 0.30171728134155273
-0.6862865686416626, 0.1327299177646637
-1.3612895011901855, 0.7141451239585876
-0.025861399248242378, 0.5147711038589478
-1.089841604232788, 0.359345406293869
-0.38608846068382263, 0.7802343368530273
0.028106311336159706, 0.5816873908042908
-0.9966101050376892, 0.26414746046066284
0.24850806593894958, 0.9426896572113037
-0.4537893533706665, 1.1817351579666138
-0.07642081379890442, 0.19798114895820618
0.5223584175109863, 0.6879550218582153
-0.20426884293556213, 1.066933035850525
-1.0003929138183594, 0.9504719972610474
-0.6069175004959106, 0.635161280632019
-0.3821040689945221, 0.9899057745933533
-0.07642081379890442, 0.19798114895820618
-0.46759700775146484, 1.6782139539718628
-0.45402202010154724, 1.3705374002456665
-0.11892221868038177, 0.9370396733283997
0.5353460907936096, 2.509316921234131
-0.3505253791809082, 1.0872846841812134
0.06865117698907852, 0.5101354122161865
-0.012265845201909542, 0.6252070665359497
0.03728054091334343, -0.9095795750617981
-0.11446961760520935, 0.5534411072731018
0.1181197240948677, 0.32956501841545105
0.238214373588562, 1.5111027956008911
0.2210342139005661, 0.573644757270813
-0.6453853249549866, 0.35447874665260315
-0.5922577977180481, -0.6375880241394043
0.15004605054855347, 0.4221932888031006
-0.4535920321941376, 0.7209452390670776
1.6619473695755005, 0.3022117018699646
-0.23381772637367249, 0.3679753243923187
-0.08032608032226562, 1.5532360076904297
0.10950757563114166, 0.5603195428848267
0.1366703063249588, 0.6219614148139954
-0.43267759680747986, -1.2166999578475952
-0.722107470035553, -0.558738112449646
-0.44908779859542847, -0.24362991750240326
-0.33681583404541016, -0.18272243440151215
-0.29989543557167053, 0.41920140385627747
0.23420196771621704, 0.3821749687194824
-0.08175594359636307, 0.3480064570903778
0.9690678119659424, 1.5446006059646606
0.0038546384312212467, 1.1006230115890503
0.4678299129009247, 0.6952962279319763
-1.2240368127822876, 1.0689185857772827
0.1177363470196724, 0.4077727794647217
1.4630591869354248, -0.31038767099380493
-0.018840838223695755, 0.37966373562812805
-0.6730112433433533, 2.2324678897857666
-0.00811698753386736, 0.7067072987556458
0.3145502507686615, 0.1545940786600113
0.7854288220405579, 0.28923913836479187
-0.20365828275680542, 0.9312176704406738
0.0894106924533844, 0.7958649396896362
-0.23346759378910065, 0.7713537812232971
-0.1727772355079651, 0.12151512503623962
-0.2972959876060486, 0.8077639937400818
0.24171625077724457, 0.8907817602157593
-0.16924138367176056, 0.2679956257343292
-0.40379995107650757, 0.7555702924728394
-0.5660930275917053, -0.03636952117085457
-0.16291874647140503, -0.0832555964589119
-0.26260119676589966, -0.051357757300138474
0.2305421084165573, -0.0433386005461216
-0.26260119676589966, -0.051357757300138474
0.08967369794845581, 0.6320999264717102
-0.7161722779273987, -0.09346067160367966
0.31368809938430786, -0.012261166237294674
0.12167011201381683, 0.0996115580201149
0.4367642104625702, 1.045177698135376
-1.0504047870635986, -0.2054310292005539
0.9367892742156982, 0.7898280620574951
-0.30407053232192993, 0.2634446918964386
-0.26260119676589966, -0.051357757300138474
1.2159082889556885, 2.083209753036499
-0.26260119676589966, -0.051357757300138474
0.5457636713981628, 0.4343361556529999
-0.26260119676589966, -0.051357757300138474
-0.26260119676589966, -0.051357757300138474
-0.26260119676589966, -0.051357757300138474
-0.26260119676589966, -0.051357757300138474
-0.26260119676589966, -0.051357757300138474
-0.26260119676589966, -0.051357757300138474
-0.26260119676589966, -0.051357757300138474
-0.26260119676589966, -0.051357757300138474
-0.26260119676589966, -0.051357757300138474
-0.26260119676589966, -0.051357757300138474
-0.26260119676589966, -0.051357757300138474
0.24734219908714294, 0.8627238869667053
-0.26260119676589966, -0.051357757300138474
-0.26260119676589966, -0.051357757300138474
-0.26260119676589966, -0.051357757300138474
-0.26260119676589966, -0.051357757300138474
0.08763334900140762, 0.9173064231872559
-0.26260119676589966, -0.051357757300138474
-0.26260119676589966, -0.051357757300138474
-0.26260119676589966, -0.051357757300138474
0.5647156238555908, 1.5571151971817017
-0.26260119676589966, -0.051357757300138474
-0.26260119676589966, -0.051357757300138474
-0.6072469353675842, 0.17756155133247375
-0.32000455260276794, 0.5417129993438721
-0.6072469353675842, 0.17756155133247375
-0.1917000710964203, 0.6401150822639465
1.3768848180770874, 1.218725323677063
0.6055818200111389, 0.7652763724327087
0.4284844994544983, 0.539039134979248
0.3053574562072754, 0.04740528389811516
0.3053574562072754, 0.04740528389811516
0.37441909313201904, 1.6249345541000366
0.44491901993751526, 1.8551274538040161
0.0037720089312642813, 0.8624508380889893
0.04336882382631302, 0.24604077637195587
0.41825079917907715, -0.01634822227060795
-0.6200545430183411, 0.5358195900917053
-0.1085544228553772, 0.17886897921562195
-0.16714441776275635, 0.31094712018966675
-0.7263925671577454, 0.366859495639801
-0.2287621796131134, 0.044243305921554565
0.3296366035938263, 0.09440749138593674
-0.4220638573169708, 0.4721335470676422
-0.26151832938194275, 0.0319729819893837
-0.2696923315525055, -0.27291885018348694
0.34112390875816345, -0.09709382057189941
-1.1194374561309814, -0.024310467764735222
-0.13645458221435547, 0.3307532072067261
-0.09044422954320908, 0.15835736691951752
-0.28001168370246887, 0.6360071897506714
-1.4942089319229126, -0.027446040883660316
-0.055209919810295105, -0.048024971038103104
-0.12476979941129684, 0.921633780002594
0.2760482132434845, 0.6871815323829651
0.09723397344350815, 0.2431788295507431
0.1944679468870163, 0.4863576591014862
-0.2990342974662781, 0.08759725838899612
-0.07820871472358704, 0.48967528343200684
0.5987768769264221, 1.4328113794326782
0.8098718523979187, 0.7418977618217468
0.08763334900140762, 0.9173064231872559
-0.11679235100746155, 0.7247519493103027
0.08763334900140762, 0.9173064231872559
0.05842223018407822, 0.6115376353263855
0.08763334900140762, 0.9173064231872559
0.11684446036815643, 1.223075270652771
0.08763334900140762, 0.9173064231872559
0.08763334900140762, 0.9173064231872559
0.49184978008270264, 1.455398440361023
0.08763334900140762, 0.9173064231872559
0.08763334900140762, 0.9173064231872559
0.5188467502593994, 1.0380021333694458
1.3583331108093262, 2.291490077972412
0.11684446036815643, 1.223075270652771
0.060929641127586365, 1.0235589742660522
0.08763334900140762, 0.9173064231872559
0.05842223018407822, 0.6115376353263855
0.11684446036815643, 1.223075270652771
0.11684446036815643, 1.223075270652771
0.004011564888060093, 0.583153247833252
0.2883240878582001, 0.8239942193031311
-0.149961456656456, 0.15990294516086578
-0.0497925728559494, -0.030848097056150436
0.4110102653503418, 0.5645380616188049
-0.36446812748908997, 0.5963175296783447
0.08039900660514832, 0.8687537908554077
-0.07786156982183456, 0.48316794633865356
0.01788257248699665, -0.004123813472688198
-0.9150487184524536, 0.17697322368621826
-0.4575243592262268, 0.08848661184310913
-0.24064083397388458, -0.052718635648489
-0.4575243592262268, 0.08848661184310913
-0.4575243592262268, 0.08848661184310913
-0.6862865686416626, 0.1327299177646637
-0.6862865686416626, 0.1327299177646637
-0.4575243592262268, 0.08848661184310913
-0.195515975356102, 0.023031046614050865
-0.06776908040046692, 0.23242278397083282
-0.37829333543777466, 0.36630553007125854
0.10612298548221588, 0.47775381803512573
-0.16533125936985016, 0.3417050540447235
0.3267672061920166, 0.716035008430481
-0.08357220888137817, 0.15547356009483337
-0.2507166266441345, 0.4664206802845001
-0.16714441776275635, 0.31094712018966675
-0.10165362805128098, 0.34863418340682983
0.46750593185424805, 0.18387964367866516
