-2.0237284898757935, 0.016263753175735474
-3.554925799369812, 0.3828757181763649
-0.9947094917297363, -0.5365920811891556
-1.329203724861145, -0.939220517873764
-3.763084292411804, 0.49741993844509125
0.4252626299858093, 4.746008813381195
-1.3335934430360794, -1.1842305921018124
-3.0628309547901154, 0.24568498134613037
-1.5292117297649384, 0.3725031018257141
-2.5251031666994095, 1.3132427781820297
-1.397769184783101, 1.3231525868177414
-1.924476332962513, 0.07591912150382996
0.6796432733535767, 0.27658748626708984
-1.2687330953776836, 0.26024818047881126
-1.67964693531394, 1.0456985272467136
-0.09468474984169006, 0.011177748441696167
-1.257400557398796, 0.9364705085754395
0.1932428628206253, 0.7887260019779205
0.5672595202922821, 0.5842212438583374
-3.026680052280426, 0.006163835525512695
-1.5770850395783782, -2.86131252348423
-2.680023193359375, -0.954995647072792
-1.5397416278719902, -0.9316246956586838
-0.6869944036006927, -0.1744418516755104
-0.29948006570339203, 0.7579040918499231
-1.2677711993455887, 1.7225462663918734
-3.444904625415802, 1.0619842857122421
-3.2261163741350174, -0.1949169933795929
-1.3261557668447495, -0.14879126846790314
-2.720127135515213, 0.706646054983139
-2.6502161026000977, 0.4095659852027893
-0.4539238214492798, -1.2262195348739624
0.5532507672905922, 1.3622552752494812
-4.580042913556099, 2.905986487865448
-0.6710732877254486, 0.8770026564598083
-1.4255288559943438, 2.563279777765274
0.16381188482046127, 0.8424032051116228
-1.9794233739376068, 0.3437614142894745
-1.2496888488531113, 1.7755726277828217
-3.285890279337764, 3.648047663271427
-0.09839539229869843, -0.046200625598430634
-1.4138731956481934, 0.4028330072760582
-3.3393472246825695, 1.7722198367118835
-0.9384151548147202, -1.6180026978254318
-0.9593030735850334, 1.4399280399084091
-0.4922851622104645, 0.5852304399013519
-1.6085880873724818, -0.8361212611198425
-2.2097091525793076, -0.26049861311912537
-0.5886724293231964, 0.5443846443668008
-2.4099148511886597, -1.168370708823204
-2.000882625579834, 2.287328004837036
-1.566802442073822, 1.3449012488126755
0.059617459774017334, 0.4720872491598129
-1.4353888630867004, 0.27071525529026985
-1.033723145723343, 0.2196514941751957
-1.1414437424391508, 0.07766976952552795
-2.3884886652231216, -0.6208908557891846
-1.4526220858097076, -0.6873994469642639
-2.0386976934969425, 0.4809819161891937
-0.6766418814659119, 2.6494077146053314
-2.1075638607144356, 1.287897877395153
-1.2458398900926113, 0.8495498895645142
-2.4843084290623665, -0.9892920404672623
-2.7271371483802795, 0.009752164594829082
-0.4135814905166626, 0.15536420047283173
-2.129333281889558, 0.643042638177576
-1.8900847658514977, 0.7874700874090195
-0.5411891788244247, 0.878803513944149
-3.3480543196201324, 0.4136600196361542
-2.4395015991758555, 0.32700827717781067
-2.5935101360082626, 0.7261082958430052
-1.1489842236042023, -0.9987308904528618
-3.3951066061854362, -0.03001512587070465
-3.1456862967461348, -7.1966879814863205
-1.4422079026699066, -0.19624284747987986
-1.7594491839408875, 0.10081601142883301
-2.486292541027069, 0.10863521695137024
-3.024512991309166, 1.8081084787845612
-2.9901230335235596, 0.016463130712509155
-3.179302364587784, 1.853061556816101
-3.047427974641323, -0.20579689741134644
-2.317958250641823, -0.8710538633167744
-2.6639321595430374, 1.226986438035965
-0.9004056453704834, 1.9877279847860336
-5.261220186948776, 1.315355658531189
-2.2338637933135033, 1.53504478931427
-2.388528287410736, -0.10603057965636253
-3.52051642537117, 0.24819478578865528
-1.9598427638411522, -0.8537242561578751
-2.324144020676613, 0.337829053401947
-3.4838412776589394, 0.6689016073942184
-2.5053486824035645, -0.5697600990533829
-2.0810720920562744, 1.8464011973555898
-3.238805368542671, 0.5717079639434814
-2.5623497888445854, 0.23249116726219654
-2.6237241625785828, 0.1547459363937378
-2.51790988817811, 0.42754994332790375
-3.0513944029808044, 0.036868274211883545
-4.688590943813324, -0.8960791006684303
-0.395743690431118, 0.5218216776847839
-2.6931999400258064, -1.0764657370746136
-1.3480602502822876, 0.37386613711714745
-1.9956860095262527, 0.7303440123796463
0.1619782093912363, -1.237806648015976
-2.9041777849197388, 2.571390314027667
0.5063454899936914, 1.9351728856563568
0.10384999588131905, -1.1741118058562279
-1.8174633933231235, -0.38975805044174194
-0.7052295133471489, -1.5020893886685371
-0.3583615720272064, 0.0062900930643081665
-1.710486650466919, 1.177256003022194
-1.3400507234036922, -0.9374860376119614
0.24690327048301697, 0.18001708388328552
-2.796531952917576, 0.8321816176176071
-0.27884477376937866, 0.3848884403705597
-0.42964070476591587, -1.302249789237976
-2.0391108691692352, 0.9365855138748884
-1.2058781161904335, -0.2802899479866028
-0.7651098370552063, 0.5305403470993042
0.9200574532151222, -0.30723774433135986
-2.495689630508423, 0.2284659445285797
0.18561618030071259, 0.7866824343800545
-1.586975820362568, 0.6362249255180359
-1.6067984425462782, -0.7932218927890062
-2.094997391104698, 0.8456943780183792
-0.8306524455547333, 0.6362431198358536
-1.8502269126474857, -1.2689715325832367
-1.8679107297211885, 1.3365084528923035
-1.3332752138376236, -1.5664389713201672
-2.259463980793953, -2.4742023311555386
-1.9800122939050198, -1.2732561081647873
-3.4032062143087387, -0.5295433346182108
-2.3925366401672363, -0.03269675374031067
-3.037061035633087, -0.38547591865062714
-2.332633823156357, -2.0942276027053595
-3.0833862721920013, -1.3140046186745167
-0.8346359729766846, 0.478574275970459
-0.13174468278884888, 0.14134163782000542
-2.6526567339897156, 0.43100932985544205
-2.064871162176132, 0.9847314357757568
-3.182125322520733, -0.5429137647151947
-2.3471972942352295, 1.3582201898097992
-4.045639419928193, 0.654747486114502
-2.5739464163780212, -0.7844456136226654
-1.3115829527378082, 0.1503058597445488
0.6072614789009094, 2.1163877099752426
-2.326805293560028, 1.1089764162898064
-2.004673510789871, 0.2411251664161682
0.5778141915798187, -2.989716686308384
-0.5388828348368406, 0.03904569149017334
-2.339681327342987, 0.7660959362983704
-3.6671381257474422, 1.3193683326244354
-2.1064384430646896, -0.7013402879238129
-1.2767119742929935, -0.9578795060515404
-3.359535127878189, 0.11536009609699249
0.09371507167816162, -0.0809631496667862
-0.9653434231877327, -0.6045363545417786
-2.245081305503845, -0.38293685764074326
-1.8933283537626266, 1.7315071672201157
0.2827674150466919, 0.3915632367134094
-1.9571502692997456, 0.3603394031524658
-3.0204495042562485, -0.3693014085292816
-1.9903185442090034, -0.08901792764663696
-1.9373063743114471, -0.20137137174606323
-3.115922190248966, 1.5309548750519753
-2.2819379679858685, 1.5714889094233513
-2.6502671018242836, 1.4307215511798859
-3.0276459651067853, -0.5366680026054382
-1.839717611670494, 0.7937507480382919
-2.7536680437624454, 1.4668086469173431
-0.8437683135271072, -0.23610906675457954
-2.57548126578331, -0.6887958496809006
-2.3488812036812305, -0.3014112040400505
-3.05500391125679, -0.5217872560024261
-0.845365509390831, -0.5163483060896397
-2.4873066544532776, -0.9606010802090168
-2.4783279299736023, -1.4425183683633804
-3.262037279549986, 0.37971410155296326
-1.69942107796669, -0.750137098133564
-1.6517649292945862, -0.3865927532315254
-1.8419203460216522, -0.9322692379355431
-2.02041819691658, -0.6319351196289062
-2.5371909737586975, -1.5798307210206985
-0.8404760174453259, 0.4042828381061554
-2.7904020845890045, -1.2799453400075436
-3.155909299850464, 0.8948475122451782
-1.9065229296684265, -1.5436162650585175
-1.9034874439239502, -0.5949496626853943
-0.9398582279682159, 2.4688292890787125
-4.600472493097186, 1.4216431826353073
-3.5066300965845585, -0.02304607629776001
-1.7994703948497772, -1.156969577074051
-2.5713042616844177, -0.3483552560210228
-2.6405273228883743, -0.6019877940416336
-2.0197651386260986, -1.1014105528593063
-2.446537658572197, 0.7183149456977844
-2.7394687086343765, -0.17934536933898926
-1.901004582643509, 1.0264260172843933
-3.3221472837030888, -0.5432634353637695
-2.0192132890224457, -1.7895101457834244
-1.2508635744452477, -0.8518784046173096
-2.6066987067461014, 0.5081679224967957
-1.2857629656791687, -0.6968889832496643
-2.386174187064171, -0.31236177682876587
-3.8267737329006195, -0.46473032236099243
0.10720973461866379, 0.9992702603340149
-3.697361124679446, 2.2394870445132256
-3.094886139035225, 0.3925142288208008
-2.2487627267837524, 0.10043740272521973
-2.7060672491788864, -0.21102190017700195
-2.3059139251708984, 0.019763439893722534
-0.19061056897044182, 0.5363402962684631
-3.1356432288885117, 0.13980935513973236
-1.9891141057014465, 0.3357139080762863
-3.724202811717987, -0.21897223591804504
-2.628110632300377, 0.6757403612136841
-1.0647272020578384, 0.23488396406173706
-1.106346033513546, 0.2758905366063118
-1.7565447688102722, -0.8472668305039406
-0.848544716835022, 2.115944966673851
-2.159958101809025, 0.8264204785227776
-1.7992470860481262, -0.46134185791015625
-2.0180383026599884, 0.15029459446668625
-2.087844878435135, 2.4107880294322968
-2.4053502678871155, 1.5078242681920528
-3.7555742114782333, 0.5772327780723572
-1.9370573684573174, -0.8538249433040619
-2.45161372423172, -1.4024460036307573
-1.372106283903122, -0.9520447701215744
-2.4550550431013107, -0.9615955203771591
-1.1618821918964386, 0.15560764074325562
-2.1607947647571564, -0.3335496410727501
-2.78255358338356, 1.4600910544395447
-3.076612576842308, -1.187843531370163
-1.3902508169412613, 1.0970343202352524
-1.0266494452953339, 2.167109210975468
-1.4019702449440956, 0.7841112613677979
-1.8851063549518585, 0.05327528715133667
-1.8446401506662369, 0.5537465214729309
0.5118250157684088, 0.4200899451971054
-2.85948446393013, -0.3659692406654358
-1.2223306894302368, 0.6928874282166362
-1.3414294719696045, -0.3503499533981085
-1.5874022543430328, 0.7416504546999931
-1.6575375497341156, 0.6465315818786621
-1.2488645762205124, -0.06909246742725372
-0.8485141396522522, -0.22933518886566162
-1.9259797632694244, 0.6692078709602356
-1.594693634659052, 2.168907508254051
-1.5513473004102707, -1.802691251039505
-2.279658615589142, -0.32231464982032776
-3.2576264441013336, -0.49652808904647827
-1.2548727989196777, 4.792826855555177
-2.1043008863925934, -0.3412906527519226
-1.3311734553426504, 0.12096583098173141
-0.6595023237168789, -0.3878994882106781
-0.4857901744544506, -0.08851179480552673
-0.6857864786870778, -0.7184318006038666
-2.910706102848053, 0.7658112049102783
0.9725751485675573, 1.3443587683141232
-0.9499441832304001, 1.5118494629859924
-1.8875271677970886, -0.3914628326892853
-4.646868020296097, -0.7193411737680435
-1.1657407656311989, -0.7216145843267441
-2.9972323179244995, 0.3981560468673706
-4.583089292049408, -1.6836915016174316
-0.38452698290348053, 1.2061738669872284
-0.7149706017225981, 0.4303585886955261
-0.42626187205314636, 0.9910677671432495
-1.0742107629776, 0.782479252666235
-1.4703928530216217, -0.9004780650138855
-1.1569933593273163, 0.38873984664678574
-0.6799203455448151, 0.14949052035808563
-2.6862360537052155, 0.19729095324873924
-2.424239620566368, -0.14820612221956253
-0.18438585102558136, 1.242271065711975
-2.1367464661598206, -0.7402550876140594
-3.0232711285352707, 2.711768329143524
-3.8331436589360237, -0.4917552173137665
-3.1200963854789734, 1.6263662427663803
-2.026184558868408, 0.9001645594835281
-2.1202757358551025, 0.8270643427968025
-2.786889433860779, 0.8670162707567215
0.47144344449043274, -0.008465081453323364
-1.467158854007721, 0.7458001375198364
-1.5752916038036346, 0.11215174570679665
-0.9039786234498024, 1.4416528940200806
-1.4928113520145416, 0.3511117547750473
-2.296687886118889, 1.6760510057210922
-1.9578972309827805, 1.2040584981441498
-1.1682005375623703, -1.264043640345335
-3.025527000427246, 0.39828434959053993
-2.0592994689941406, 0.9536672830581665
-0.6863364521414042, 0.727959968149662
-2.1878039985895157, 0.17972350120544434
-2.082205396145582, 0.21622496843338013
-1.7044006288051605, 0.4957558214664459
-1.571589931845665, 0.778080178424716
-2.5550153255462646, 1.2219670563936234
-1.7791310846805573, 0.4180414006114006
0.715493269264698, 0.9813756346702576
-0.932793527841568, 0.24603726714849472
-1.880627378821373, -0.09433571994304657
-1.9187841415405273, 0.5894380351528525
0.076292484998703, 1.7081025950610638
-2.335308074951172, -0.5703797563910484
-1.7166250944137573, 0.01805266086012125
-1.9726099967956543, -3.068209156394005
-2.2485665678977966, 0.6989953555166721
-1.8573224861174822, -0.5885709561407566
-1.9633417427539825, 1.801376849412918
-2.0890002399683, 0.5656756162643433
-1.7218787968158722, 0.05440244823694229
-0.3380068466067314, -0.1303805261850357
-0.2982899844646454, 0.6524418443441391
-0.5201789066195488, -0.1461123675107956
-2.1872233897447586, -1.2658976092934608
-2.7583358585834503, 0.45886826515197754
-1.630703717470169, -0.15828867256641388
2.618383511900902, -0.572079099714756
0.32860225439071655, 0.7745496332645416
-1.1311079459264874, 0.10906697809696198
-1.5670478641986847, -0.5007315278053284
3.163548610347789, 1.722665660083294
0.10725958459079266, 0.02366932574659586
-2.3569912165403366, -1.846932366490364
-1.7633995078504086, -0.563900999724865
-1.7503384351730347, 0.23965960182249546
-2.0918151326477528, -2.474920302629471
-3.4848091527819633, 2.49485045671463
-0.29589980840682983, -0.09785866737365723
-1.164571538567543, -0.6940168496221304
-1.3015330731868744, -0.5454109013080597
0.7328681349754333, 1.2395960986614227
-2.4541147500276566, -1.3525955975055695
-1.8914958834648132, 0.6191783100366592
-5.354833543300629, 0.34167569875717163
-3.0627643018960953, 0.2939433064311743
-3.3104135431349277, -1.0817037802189589
0.7997537925839424, 1.6664143651723862
-3.076270282268524, 1.8085016012191772
-1.7379596829414368E-4, -1.9961281828582287
0.39393023785669357, -0.3875449448823929
-0.7480683624744415, 4.636555552482605
-1.8193893060088158, -3.2541703581809998
0.3713611662387848, 0.012102380394935608
-0.45000696182250977, -1.6864571273326874
-2.9641610383987427, 2.229539632797241
-1.6036993861198425, 1.7742030397057533
-1.3462938398588449, -2.4420271515846252
-2.766619086265564, 0.8378720879554749
0.6186127364635468, 4.107780933380127
0.6908207759261131, -0.046769388020038605
-2.236123858659994, -1.006593743339181
-0.9172988831996918, -2.6273312866687775
-2.973050430417061, 0.431441530585289
-2.4407948330044746, -0.08275412023067474
-1.7395543046295643, 0.03475996106863022
-2.209054719656706, 0.22656476497650146
-0.4139372706413269, -3.2376482784748077
-0.405812032520771, 1.8076808154582977
-1.6409419029951096, -3.0322461128234863
-1.6746462285518646, 3.659639671444893
-3.2399601340293884, 2.9202176928520203
-3.7037616344168782, 0.28412350596045144
-3.672241672873497, -0.2694418579339981
-1.1412345170974731, -0.9097210876643658
-0.8239482744538691, 1.264020636677742
-3.4327155081555247, 3.111243635416031
-0.7994932979345322, 2.314067780971527
-1.5392096936702728, 1.332584185525775
0.2179051637649536, 1.7503530532121658
-0.7114229500293732, 0.8461851477622986
-0.04557660222053528, -0.07398150861263275
0.02280278503894806, 2.2266543209552765
-1.479960797354579, -1.9402094930410385
-1.261663943529129, 1.0915561988949776
-4.185151368379593, 0.12527614831924438
-0.9995924606919289, 1.7064101621508598
-2.6360353231430054, 0.5219790115952492
-2.2865124493837357, -0.15583786368370056
-0.7754633286967874, 1.598913535475731
-1.6840899288654327, 1.4615381434559822
-3.133091002702713, 2.006393402814865
-2.124216467142105, 1.107663984876126
-3.273281157016754, -0.9382157633081079
-1.4753060191869736, 0.5518509745597839
-1.0858632773160934, 0.14101579785346985
-4.056996613740921, 0.9354815818369389
1.0587063133716583, 1.4726482033729553
-1.882855549454689, 0.14531683921813965
-2.0566773265600204, 1.288731038570404
-2.3012031875550747, 0.7161966860294342
-3.155772438272834, 1.7715901136398315
-2.5336744636297226, 0.4089799225330353
-3.4104891270399094, 0.09665342420339584
-3.2386887669563293, -1.8176575899124146
-1.5915752798318863, -0.10585739463567734
-1.8034207820892334, 0.5134244561195374
-2.74830961227417, -0.7638086155056953
-4.506037920713425, 0.962178498506546
-3.9558930695056915, 0.6020382195711136
-2.1103467792272568, 0.5623294711112976
-3.870879739522934, -1.0008690059185028
-1.8364578634500504, 1.067267194390297
0.8104428648948669, 0.788662863895297
-1.5449875742197037, 1.4397585801780224
-2.050584841519594, 0.11401654779911041
-0.1686568558216095, -0.3047003149986267
0.811869889497757, 1.1139027625322342
-0.06669765710830688, 1.3141747321933508
-0.14340633153915405, -0.13527023792266846
-0.8130468800663948, 1.3617906421422958
-1.8609564006328583, 0.8558930903673172
0.047541335225105286, -1.0840484648942947
-3.6902118921279907, -0.08780565857887268
-1.8367543816566467, 0.7132578790187836
-3.6969282627105713, 0.06653595948591828
-4.529167979955673, 0.15194180607795715
-4.655080944299698, -0.4687066525220871
-1.556236982345581, 0.995411641895771
-2.937484547495842, 1.1396456360816956
-3.236733004450798, 0.06979180127382278
-1.298912689089775, -0.966130755841732
-1.1393218636512756, 0.6265185945667326
-0.5550820529460907, 0.4209042191505432
-2.9268093705177307, 0.27997376024723053
-1.9673270732164383, 0.11933213472366333
-1.7092566937208176, -1.9136164374649525
-3.8788607120513916, 1.1406804621219635
-4.01439855992794, 0.2793830782175064
-2.8843073546886444, 1.157406082842499
-1.1166351032443345, 0.7711097979918122
-3.220894493162632, 0.11687201261520386
-2.618984065949917, -0.13621994853019714
-3.1916233096271753, -0.39946361631155014
-0.8473112881183624, -0.3035170342773199
-0.5406388118863106, -1.1027266085147858
-0.34335469268262386, -0.30053434893488884
-0.4830353260040283, 0.19978773593902588
-0.8670562505722046, 0.5016759932041168
-0.42058228189125657, -0.9149598777294159
-2.947800397872925, -1.1276852488517761
-1.0152425467967987, -2.12908673286438
-3.0132622122764587, -1.369737647473812
0.40095266699790955, 1.8186214044690132
-2.970691442489624, 0.006642758846282959
-0.9176930487155914, 1.7422855496406555
-1.3391269445419312, -0.849837526679039
-2.418241433799267, -1.372068584896624
-3.684365466237068, 0.5663236230611801
-2.4349022805690765, -0.698974147439003
-1.9171337932348251, -0.9540278166532516
-2.8666232004761696, 2.41345551609993
-1.3020910620689392, -0.6265439391136169
0.1621621698141098, 0.4472675770521164
-1.685397520661354, 2.443411987274885
-1.5445410460233688, 1.4922850728034973
0.48298773169517517, 2.211783528327942
-2.4628752022981644, -0.5688123404979706
-1.4466433972120285, -0.006419464945793152
-2.5338741838932037, 0.6431216932833195
0.5600940585136414, 0.04495786875486374
-0.8560713827610016, -1.9099294021725655
-3.8049878627061844, 0.6340639293193817
-5.594737470149994, -2.0114409923553467
-2.5938091427087784, -0.738339900970459
-3.649188056588173, 0.9279511421918869
-2.7059762328863144, -1.73410165309906
-2.8888558447360992, 1.7695495150983334
-2.118773400783539, 0.7160011902451515
-1.929431140422821, -0.1360766403377056
-1.4045100063085556, -0.23500436544418335
-2.147547483444214, -0.11507114768028259
-0.4934806916862726, 1.3640056848526
-1.342722125351429, 0.2555288765579462
-1.1290526920929551, 2.1814594864845276
-2.500349596142769, -0.11987382173538208
-2.9508030116558075, -0.1806637942790985
-3.347288504242897, -0.12450864911079407
-2.0604792535305023, -0.06339115649461746
-2.590550746768713, -0.7571330592036247
-3.4204122722148895, -0.60279605910182
-2.331722006201744, 0.0717572271823883
-4.5652962028980255, 0.886869877576828
-3.9388872385025024, -0.23152733594179153
-2.395958751440048, -1.3906539678573608
-3.012584939599037, 0.789475716650486
-2.1588942110538483, -1.1100693345069885
-2.4811454825103283, 0.36255301535129547
-3.628880649805069, -1.490088053047657
-2.709524929523468, 0.22808967530727386
-3.0853378772735596, -0.7003861973062158
-1.7304310202598572, -0.48791196942329407
-2.8518198132514954, -1.4025422260165215
-3.8835273385047913, 0.24176126718521118
-3.8426214456558228, 0.990830734372139
-3.7701717019081116, -0.34881138429045677
-1.1664085537195206, -0.5007348358631134
-2.9963327050209045, -2.652081400156021
-3.851403161883354, -0.9239120483398438
-5.386676490306854, 1.5105567276477814
-1.1741771437227726, 0.00849318690598011
-2.6950655709952116, -1.4042300721630454
-2.1910070814192295, -0.17546780407428741
-2.981356620788574, -0.8218775242567062
-1.0980584770441055, 0.4545247554779053
0.05667661130428314, 0.565346360206604
-1.8164169490337372, -0.7362718880176544
-3.333445370197296, -0.8991149365901947
-1.7490659209433943, -1.5576000660657883
-1.3887457847595215, 2.2044934034347534
-2.776420682668686, 0.5158912837505341
-1.4464252665638924, -0.7846419960260391
-2.333515092730522, 0.4369513541460037
-2.1823348738253117, 0.33773213624954224
-2.635382667183876, -0.17353522777557373
-1.2433110773563385, 0.8873079270124435
-3.9361431673169136, 0.3840339183807373
-3.823047325015068, -0.23732995986938477
-1.4698373526334763, -0.1508408784866333
-1.7599114328622818, 1.3588107079267502
-1.816681832075119, -0.6598880589008331
-1.9968198537826538, 0.47056175768375397
-3.7658434212207794, -1.1279637794941664
-3.23896960914135, -0.3959209620952606
-2.801950290799141, 0.09719856083393097
-4.1030132081359625, 0.059831149876117706
-1.7991925776004791, 2.108431249856949
-2.599748268723488, 1.013610303401947
-1.2586414217948914, 0.6540464460849762
-1.3252476751804352, 3.433012173511088
0.3103341609239578, -1.655992478132248
-2.2728538513183594, -2.0926576256752014
-1.7712109982967377, 1.543222814798355
-3.2125362008810043, 3.3027037382125854
-0.5065343603491783, -0.04192130267620087
-2.03554904460907, 2.3116046339273453
-1.7690270580351353, 1.5958458185195923
-2.087852507829666, 1.0976387038826942
-1.186340019106865, 0.5059768557548523
-4.930661469697952, 1.6348860263824463
-3.9690766036510468, 3.3078455477952957
0.7637700736522675, 1.4499093070626259
0.42275166511535645, -0.3804311454296112
-1.75885621458292, 0.006954610347747803
-0.021876245737075806, 0.4282395839691162
-1.639549134299159, 0.6730650216341019
-1.8498084545135498, 0.11911561712622643
-2.291086971759796, 1.4900015592575073
1.479970097541809, 0.8724494725465775
-1.976813554763794, 1.5381204187870026
-1.322093753144145, 1.9024775847792625
-0.6603188514709473, -0.6392946653068066
-4.111480534076691, -1.2578880041837692
1.3854946494102478, -0.669789046049118
-2.834902711212635, 0.2751215547323227
-1.8525174222886562, 1.812957163900137
-3.7100730538368225, -0.3811852037906647
0.050654470920562744, -0.6120095402002335
-3.107731342315674, 0.5260128267109394
-1.5329569280147552, -0.3982793241739273
-3.271959364414215, 1.6853534951806068
-0.7109996825456619, 1.1116883307695389
-0.49874645471572876, -1.2181425038725138
-2.6955894827842712, 0.4089248478412628
-0.24909266829490662, 1.5477935522794724
-1.985299825668335, -0.0924215242266655
-1.3908679150044918, 0.6691847294569016
-1.6494033336639404, -0.10354018211364746
-3.8157708644866943, -1.871039167046547
-1.7429884672164917, 0.7971547693014145
-0.600118562579155, -2.6001754105091095
-1.8673241287469864, 2.4965454787015915
-3.8927397951483727, -0.7021967172622681
-3.484697200357914, -0.5329025387763977
0.1836991012096405, -1.9619892537593842
-1.5206254422664642, 0.8951128423213959
-2.276237964630127, 0.1376967541873455
-2.829215317964554, 2.3610585182905197
-2.5487515591084957, -0.5220478177070618
-1.9468916691839695, -1.0718162655830383
2.1781172156333923, 2.8386083245277405
-3.1852554604411125, 0.23378021642565727
-1.4849738478660583, -0.055785343050956726
-2.216350495815277, 2.5303048193454742
-1.921802133321762, -0.33433499932289124
-2.6476337611675262, 0.6676710247993469
-1.249500010162592, -1.5566093549132347
0.1726669818162918, 2.5852601528167725
-1.628289669752121, 0.28908781707286835
-1.6111255586147308, -2.6066439896821976
-5.1030153632164, 3.1056490391492844
-1.596854261122644, 1.033410683274269
0.06398209184408188, 2.2706071734428406
-1.9886690080165863, 0.9778301119804382
-1.8908339366316795, 0.2374165654182434
-1.3351815789937973, 1.3180825263261795
-0.6194300800561905, -0.27694046776741743
-2.539595164358616, -2.1618895307183266
-2.8800119161605835, -0.20007097721099854
-3.917635816615075, 1.741929091513157
-3.053061991930008, 0.4810267388820648
-3.3743801712989807, 1.7941243276000023
-4.981542408466339, 0.3473813235759735
-2.2905115485191345, -0.4148252084851265
-2.7312557995319366, 0.15280264616012573
-0.7170126438140869, 0.09745337814092636
-2.777641922235489, 1.0385352075099945
-2.618594206869602, -1.2544042728841305
-0.6656404957175255, -0.11323603242635727
-3.0590125173330307, 0.5387105941772461
-2.1851422786712646, 1.4846637398004532
-2.5034017860889435, -0.9194015711545944
-3.861301824450493, 1.0628668740391731
-2.487068772315979, -1.556494265794754
-3.486423581838608, -0.34319932758808136
-1.0997548177838326, -1.9366272985935211
-0.9729936122894287, 1.9728896133601665
-1.3389030694961548, -0.37557071447372437
-3.8963634967803955, -1.3902193903923035
-3.700801584869623, 1.6841700077056885
-2.5508117079734802, 1.3335573077201843
-1.7587848007678986, -3.7727942978963256
-2.0299642980098724, 1.0137352719902992
-2.595832943916321, -0.4138869596645236
-1.024570494890213, 0.2541215717792511
-0.6798430681228638, -0.6716047301888466
-2.3349801748991013, 2.0120792761445045
-1.6849118024110794, 2.9443368017673492
-2.144397422671318, 1.509047508239746
-1.084747463464737, -0.5914227664470673
-2.5065861344337463, -0.5501163154840469
-0.6810563206672668, -0.7937159836292267
-2.105142917484045, 0.30355484783649445
-1.7387091666460037, -0.3571792095899582
-2.437227211892605, -0.38370485603809357
-3.5305938720703125, 2.458250418305397
-2.104548305273056, 0.5601502805948257
-1.2161518335342407, -0.5861175954341888
-1.3465507626533508, -0.5260904803872108
0.531552255153656, 0.8860393464565277
-3.0286740362644196, 0.6813622415065765
-2.1744882483035326, -1.9941589906811714
-0.8616375029087067, -0.1717168688774109
-0.845576673746109, -0.1825253814458847
-1.596790224313736, -1.2592495381832123
-3.374656969681382, 1.5612967908382416
-2.975597381591797, 0.46401381492614746
-2.5503652542829514, 0.8770042061805725
-2.9616532176733017, -0.17751306295394897
0.7471086559817195, -0.05435985326766968
-2.613526403903961, -0.6173560991883278
-1.9937763437628746, 0.32347825169563293
-2.9227006435394287, -0.6590964943170547
-0.2906853258609772, -0.11494582891464233
-2.936561644077301, 0.7062009498476982
-2.653383105993271, -0.3693089336156845
-2.7468588910996914, 0.07443651556968689
-2.391617387533188, 1.6496919244527817
-2.973874479532242, -1.8363071717321873
-1.0833849608898163, -0.4776458442211151
-2.9546637535095215, 0.32042041420936584
0.1565311849117279, -1.960557110607624
-0.0731763243675232, 0.2383110225200653
-2.4086874797940254, 0.057551994919776917
-3.64237616956234, -0.17060862481594086
-3.6712173521518707, -2.909553825855255
-3.1927697360515594, 1.4912581145763397
-1.596300095319748, -0.9165888428688049
-0.6211072877049446, -1.6492279171943665
-1.5390345267951488, 2.0605628211051226
-1.5502165332436562, 0.25887614488601685
-0.35221850872039795, 1.0599066019058228
0.6052755117416382, -0.6533863060176373
-1.8842268902808428, 2.4950579702854156
-1.8582902252674103, -0.8308214917778969
-1.9756294507533312, -0.7450253693968989
-3.402424171566963, -1.1031282544136047
-2.7821836471557617, -1.9494710862636566
0.24659118056297302, 2.448664218187332
-1.9907406270503998, -0.1051037386059761
-1.6964635848999023, 0.4023171439766884
-2.419605329632759, -0.02435934543609619
-1.0453604459762573, 0.15010596811771393
-2.805359721183777, 0.6748577356338501
-1.6381967961788177, -1.2531228624284267
-0.8585343956947327, 0.9371476918458939
-1.0933333486318588, -1.6124767512083054
-2.2607007920742035, 1.1272208467125893
-1.524033561348915, -3.591609627008438
-3.328872948884964, 1.3476100862026215
-1.0264275670051575, 0.2924043536186218
-3.4988474994897842, 0.4165913611650467
-1.3506181240081787, 5.547197997570038
-0.45681633800268173, 0.8470574989914894
-1.8735191747546196, -1.7848311215639114
-1.563190758228302, 3.774938225746155
-0.6744978725910187, -0.10072124004364014
3.827929686754942, 0.5759134292602539
-2.293607920408249, 0.8606979101896286
-0.25256204325705767, 1.922659158706665
0.7959726750850677, 0.7136264890432358
-1.91856849193573, -1.4113539159297943
-4.537174426019192, -1.08242192491889
-1.7404300272464752, -0.1733884960412979
-4.111992448568344, -0.16458207368850708
-1.4345957338809967, 0.19929498434066772
-1.5424346029758453, 1.763232260942459
-2.6897488832473755, -0.9172596409916878
-1.4620785117149353, -0.10817934572696686
0.3254934176802635, 0.41799286007881165
0.12201226502656937, 0.7040098011493683
-2.1013127863407135, -0.0031124651432037354
-2.195963218808174, -1.0047597885131836
-0.5064550042152405, -0.5547243356704712
-1.1320194900035858, 1.4980233162641525
0.6033267825841904, -2.3096152916550636
-1.0178651809692383, 2.373009629547596
-2.814074754714966, 0.431094728410244
-1.8685928657650948, -0.8915415406227112
-1.9911880046129227, 0.3122018873691559
0.08888560580089688, 2.8770970702171326
-3.4070234447717667, 1.3990563452243805
-4.805418595671654, 2.818416863679886
-0.23824061080813408, -3.0312177427113056
-2.644727110862732, 0.07337799668312073
-2.092793792486191, -0.13197122514247894
-1.9266153201460838, 1.3972324393689632
-2.1392340064048767, -2.20741034951061
-1.4887429624795914, 0.9928233176469803
-2.6448506843298674, 0.5498775392770767
0.722149483859539, 1.3026910722255707
-1.623280256986618, 0.41604742407798767
-2.0134804099798203, -0.5080129504203796
-3.644140398129821, 0.20795691013336182
-5.120626330375671, 0.45356975495815277
-1.1224808245897293, 2.1056580543518066
-2.0474283397197723, 1.9232501983642578
-1.2702537924051285, 1.7131390869617462
-1.8885704055428505, 1.3669194281101227
-1.5380719788372517, 0.8360933661460876
-1.977920025587082, 0.7047931849956512
-0.09944749623537064, 1.4222976490855217
0.3677528649568558, 4.175448477268219
-1.3872852120548487, 0.2372676432132721
-1.807489775121212, 2.453376427292824
-2.8290365040302277, -0.09824406541883945
-1.9580729603767395, -2.0176185285672545
-1.9346069172024727, 0.3499438911676407
-2.0762828290462494, -0.4862612783908844
-1.2461865358054638, -0.5013582594692707
-1.6554206162691116, 1.5125557780265808
-1.0556346625089645, 0.7966314256191254
-1.9955141330137849, 0.3437226712703705
-1.3812640011310577, 1.2922601327300072
-0.7993166446685791, -0.5687300162389874
-1.0357505790889263, -0.13404691219329834
-0.9960493855178356, -0.12513074278831482
-0.5914641916751862, -0.876019649207592
-2.3679256960749626, -0.9650225788354874
0.2142726480960846, 0.6206635236740112
-0.9552439879626036, 1.1997052058577538
-2.789618108421564, 0.40556082129478455
-2.8562891136389226, 0.19312942028045654
-2.076323674991727, 0.050860971212387085
2.264798041433096, -4.479249477386475
-3.296859309077263, 1.7316688299179077
1.8853136748075485, -0.05910554528236389
-3.9895811304450035, 0.4996558129787445
0.30018095672130585, 0.9171964228153229
-4.100266829133034, 0.8117634803056717
-1.1458128988742828, -2.9024843350052834
1.0039569288492203, -0.825934886932373
-2.794103980064392, 1.8197168409824371
-0.5086886611534283, 1.123954564332962
-0.192187974229455, 0.061845213174819946
-3.4427677989006042, 0.07889488339424133
-0.5973969399929047, 2.9004343673586845
-0.49293893575668335, 1.2959807217121124
-1.4219513237476349, 1.0125003221910447
-0.4236021488904953, 0.9290823340415955
-3.5210321322083473, 0.2972165569663048
-0.7978402562439442, -0.5593442390672863
-3.328512027859688, 1.792390763759613
-3.133780002593994, -3.4109832644462585
-0.3769126310944557, -2.035147674381733
0.42889842716977, 0.15850147604942322
-2.274306058883667, 1.1488468050956726
-0.7019202895462513, 0.5054041296243668
0.12202570028603077, 1.5993392020463943
-3.5469206869602203, -2.5164330303668976
-2.3298039715737104, 0.3386976718902588
-2.8132047951221466, 1.4307316280901432
-1.3872496262192726, 0.9338410086929798
-0.27390143275260925, 0.498415736197785
-3.392756909132004, -2.330030933022499
0.2976653538644314, -0.8099381551146507
-3.53973026573658, -0.7382632493972778
-5.29833060503006, 1.7269304990768433
-0.9336699843406677, 0.1891913302242756
-1.3430558145046234, 1.7579319179058075
-2.3929637484252453, 2.623619467020035
-0.37664424628019333, 2.624389148084447
-3.200243189930916, -3.2314503863453865
-0.9475714340806007, 1.2645593583583832
-1.7658445574343204, 1.8288502097129822
-0.9536284953355789, 3.2379267513751984
0.15317562222480774, -1.244533210992813
-2.1969308480620384, 0.26946879364550114
0.17049097642302513, 0.06368881464004517
-2.023343563079834, 1.7153903543949127
0.41830864548683167, 3.0131736397743225
-2.056113600730896, 0.15642189979553223
-0.2059812843799591, 0.21231451630592346
-1.289490696042776, 4.123013257980347
-1.2040262818336487, -1.1273186579346657
-1.2661459147930145, 0.5809180736541748
-1.1942103952169418, 1.454855278134346
-1.7181651070713997, -2.6753059923648834
-0.582866296172142, -0.6961650997400284
-1.123296357691288, 0.8108168840408325
1.1620197668671608, -0.8274622559547424
-2.3623333871364594, 0.6454103887081146
-2.3138816952705383, -1.7270786315202713
-1.015893042087555, -0.6946282386779785
-2.2599522173404694, -0.8738427879288793
0.39418018981814384, -2.3753839805722237
-0.41670431196689606, -0.2450428307056427
-1.1841961294412613, -0.7657130844891071
0.9071152359247208, -1.362524688243866
-0.3579227402806282, 3.22577241063118
-1.665508046746254, 0.1072867214679718
-5.020167857408524, -0.9523298069834709
-4.85738117992878, 4.059571266174316
-3.6831750199198723, -0.5760367624461651
-1.2837988547980785, 0.8414699584245682
-0.26008039712905884, 1.285017266869545
-0.07505913078784943, 1.9668200314044952
-1.9182623587548733, 0.08134223520755768
-2.3582264594733715, -1.2708785235881805
-0.5445027346722782, -1.4868684113025665
0.947120264172554, 0.21502357721328735
-1.679517631419003, 0.7888282611966133
-0.621587649686262, 1.5613242983818054
-1.3026030510663986, -0.5716574788093567
-0.7080205827951431, -0.8877273499965668
-0.6198499575257301, -1.2726334128528833
-1.957569345831871, -0.06824377179145813
-1.1023190021514893, -0.1844589114189148
-0.41670431196689606, -0.2450428307056427
0.10869845747947693, -0.20382148027420044
-1.2116312384605408, -1.9087485820055008
-0.8361026286147535, 1.920225203037262
1.0470420718193054, -0.38029414042830467
-1.250112920999527, -0.7351285070180893
-0.7978402562439442, -0.5593442390672863
3.003609776496887, -0.30376574397087097
-3.0455512180924416, 0.16679686307907104
-0.6244324147701263, -0.7036945894360542
-5.961582452058792, 0.9679440557956696
-1.7085360288619995, 0.9091932401061058
-1.256705418229103, 0.6405982598662376
-1.4453213512897491, 0.26235560327768326
-4.381801676005125, 0.8227518498897552
-1.505989134311676, -1.572043538093567
-0.64710533618927, -2.113170187920332
-1.1740221455693245, 1.9228545427322388
-1.8957570493221283, 1.4569409862160683
-4.512812167406082, 2.530622888356447
-1.699712336063385, -0.7784325480461121
-0.12731200456619263, 0.28093796223402023
-2.890252113342285, 0.7476311922073364
-2.649400293827057, 1.5041764676570892
-1.623884379863739, -0.5710829347372055
-3.823236972093582, -1.7373984307050705
-1.4571868181228638, -1.4513846933841705
-5.244306325912476, -0.26929159462451935
-4.0699728056788445, 1.8868610188364983
-3.652849367354065, -0.718760222196579
-4.194330930709839, 1.0068277418613434
-3.334443688392639, 0.4538505058735609
-3.095117188990116, 0.2480299472808838
-0.7177321761846542, -0.16363525390625
-3.7413853779435158, 1.216428965330124
-1.521500326693058, 2.362720310688019
-1.3423635363578796, 1.944949060678482
-2.011552721261978, 0.7069995701313019
-0.4759235894307494, 0.06273157894611359
-2.7908970713615417, 1.0447845757007599
-0.4762764237821102, 1.3621599972248077
-3.699272245168686, 1.7539192736148834
-0.05278633534908295, -0.3634250611066818
0.7485301606357098, -0.15145781636238098
-0.19601138681173325, -0.3913196213543415
-2.8330979347229004, -0.956558108329773
-3.205830752849579, -0.9144577607512474
-1.2448489665985107, -2.419550895690918
1.1608458310365677, -2.4101598486304283
1.6345183923840523, 2.1375733017921448
-2.544869591947645, 0.5943680927157402
-4.15117335319519, 4.977373721078038
-1.198554903268814, -0.998806357383728
-1.362356211990118, 3.4004082828760147
-0.41670431196689606, -0.2450428307056427
-1.3909625113010406, 2.8670144975185394
-2.584756560623646, 0.5410085469484329
-3.5960559397935867, 2.0842397212982178
-0.9660861939191818, 0.08271709084510803
-1.9935196042060852, 0.6457140743732452
-1.737137058749795, 3.8728641867637634
1.9626025147736073, 3.692038655281067
-5.340258672833443, 1.0959228798747063
1.3186159506440163, 1.562077283859253
0.29380421340465546, -1.8111192025244236
-1.8820777237415314, -1.2074644267559052
-1.0085846185684204, -1.9509156495332718
-1.0563193708658218, -0.22911162674427032
0.7867176830768585, 2.9209050238132477
1.3082563877105713, 1.0510258711874485
-1.3735931813716888, -0.45227866619825363
-2.6486021876335144, 0.5964773595333099
-0.17603393271565437, 0.16827699542045593
-1.7867662161588669, -0.3673979938030243
-2.0924160182476044, 0.12048965692520142
-1.938566654920578, 0.051151201128959656
-4.316646672785282, 0.9818595945835114
-1.6335937567055225, -0.41500402241945267
-2.460570592433214, 1.3817587792873383
-1.8241555392742157, -1.0832400172948837
-0.46300871670246124, 0.9196588210761547
-1.9270312786102295, 0.9150994792580605
-1.1779178902506828, 1.8522492200136185
-2.2832255214452744, -1.7088469411246479
1.303827054798603, 3.395174965262413
1.9820308089256287, -2.116250991821289
-3.404896667227149, 0.9500159323215485
-1.3957036435604095, 3.1657201424241066
-0.533461719751358, -0.8592842519283295
-1.7083773463964462, 2.1845183968544006
0.18435263633728027, 0.6749072223901749
-0.4161054268479347, -1.104236513376236
-3.2896275892853737, 0.005262091755867004
-1.8436481058597565, 0.27993546426296234
0.8084922730922699, 2.34305602312088
0.25387919694185257, 2.662260353565216
-2.7322884825989604, 1.4427945911884308
-0.5846762359142303, 2.1573085486888885
-1.8677227459847927, -0.5705084353685379
-2.608338862657547, 0.09578573890030384
-0.9512504935264587, 1.529722511768341
-3.4928003549575806, -2.644935369491577
-3.1667148768901825, 1.0555161833763123
-0.9678127467632294, 1.06696417927742
0.9582355618476868, 2.7016985416412354
-3.3456110060214996, 0.5892488658428192
0.5930826663970947, 0.14020421355962753
-2.372147038578987, 2.8688575327396393
0.5346759669482708, 4.519956648349762
-3.7307274639606476, -1.0643482506275177
-5.302088516764343, 3.349039265885949
-1.8257309794425964, -2.803516149520874
-5.094440460205078, 1.9302384331822395
-3.224150076508522, 1.5869568884372711
-3.2950707972049713, 2.115607239305973
-5.104666547849774, -0.0625700131058693
-0.7458034008741379, 0.5605634171515703
-0.01641210913658142, -0.037509217858314514
-3.1826441138982773, 0.8942839913070202
-2.309516567736864, 2.713407851755619
-0.6446200236678123, 0.9729341268539429
-1.9070792756974697, 1.8927961438894272
-1.290042132139206, 3.8821140974760056
-1.9618459343910217, 1.0349904745817184
1.7764002084732056, 1.9847019352018833
-2.401982367038727, -0.3552616760134697
-2.359316036105156, -1.4391186758875847
-2.478523570112884, 2.406510978937149
-2.7817912697792053, -3.85298490524292
-0.5218722987920046, 1.2099958211183548
-2.6242753118276596, -2.4931903779506683
2.0106512010097504, -1.118130300194025
0.0023422539234161377, 0.5550892204046249
-1.6104469299316406, -0.10764400660991669
-1.0560077875852585, -0.47284311801195145
-0.22560887783765793, -0.6863151416182518
-3.1740201115608215, 0.7362009175121784
1.910585880279541, 0.24992650747299194
0.13213598728179932, 3.303714372217655
-1.2326919883489609, 1.0128938220441341
-0.2300640195608139, 0.6184598207473755
-3.2458556592464447, -1.5876135230064392
-2.776928722858429, 2.2731889337301254
2.769711259752512, -1.6772340536117554
-5.334135055541992, -1.4692170843482018
-4.585665583610535, 2.768541295081377
-2.786088488996029, 5.162843381636776
0.11980706453323364, -5.4439496994018555
1.1567108836025, 3.1833256483078003
-2.08377106487751, -1.9346055090427399
-0.643711518496275, 2.7457731626927853
-1.1848608702421188, 2.0939669013023376
-1.1447549685835838, 3.409720629453659
-1.4882876090705395, 1.6517089828848839
-0.12406089901924133, 0.8230904191732407
-3.0437654852867126, 1.2390463799238205
-1.907307855784893, 2.271047830581665
-0.6092560365796089, -1.141700118780136
-0.9018882755190134, 0.2697797417640686
-1.679282121360302, 2.622209838591516
-3.0980754271149635, 2.49399833381176
-1.1116398721933365, 0.08926275372505188
-1.5277130827307701, 0.1676466464996338
-1.7673972062766552, 2.581525646150112
-4.289837718009949, 2.4613921642303467
-1.162919670343399, -0.7038298547267914
-1.7186723202466965, -0.41768841445446014
0.24603106081485748, 0.012829482555389404
-3.0172897428274155, -5.3519594222307205
-2.0890934467315674, 1.275010496377945
-1.9878145903348923, -1.6071310192346573
-2.062668740749359, -0.025661297142505646
-1.5741586983203888, 0.7063855826854706
-1.5848724693059921, 1.133776605129242
0.3270154893398285, 1.4952849000692368
-1.7544782608747482, 1.3015369520289823
-1.1638627648353577, 0.31856513023376465
-2.820764549076557, 2.6917158663272858
-2.2329920530319214, 1.2733535915613174
-1.0883735865354538, -0.7517731189727783
-1.2113254368305206, -0.8211882673203945
-3.4704948104918003, 2.193251609802246
-1.5068030953407288, 2.1871911101043224
-3.329964727163315, 0.6933808624744415
-6.319322817027569, -0.7191249020397663
-3.6736178137362003, 1.1600859239697456
-0.7990613430738449, 3.0511725544929504
-0.7275342345237732, -1.1089923698455095
-0.8422576487064362, 0.7053130865097046
-0.5422003120183945, 1.3797711580991745
-3.691125988960266, 1.1127777956426144
-1.7721568532288074, -0.7299055382609367
-1.5566134937107563, 2.515029838308692
-0.33326472993940115, 1.2834663540124893
-0.9327733553946018, 1.2487731017172337
1.2552830874919891, -2.7597370967268944
-4.288146421313286, 0.8776085078716278
-2.0038943253457546, 0.9851750880479813
-0.10633406043052673, -2.9981819242239
-4.407376170471252, -0.33560964465141296
2.3882963061332703, 0.09220117330551147
-0.16485781967639923, -0.6308996081352234
-3.004598595201969, 3.3725948333740234
1.2758687492460012, 0.8046096786856651
0.8417642414569855, -2.265107348561287
0.27583317714743316, -1.4261030852794647
-2.8450275734066963, 2.7509334795176983
-1.7617907375097275, 1.6058717141859233
-0.09638379514217377, 1.5531661808490753
-2.4435604214668274, -1.321751356124878
-2.466858770698309, 0.45393921434879303
0.055830080062150955, 2.6922528445720673
-2.407534584403038, 3.853146582841873
1.7125828117132187, 1.8863065987825394
-0.5569095313549042, 1.286084834486246
-3.346420496702194, -1.386949598789215
-1.4352082833647728, -0.5406403839588165
0.04556742310523987, 2.187997542321682
-1.8139433600008488, 2.1565543189644814
-0.6913469471037388, 1.646741271018982
-2.062191378325224, 1.927471250295639
-4.620640367269516, -2.2828923910856247
-1.5091500878334045, 0.27558158338069916
1.3693500757217407, -0.5967119336128235
-2.251492939889431, 0.9285200387239456
-4.581343024969101, -1.282574325799942
-1.161560297012329, 0.2845097780227661
-3.2521363496780396, 0.09675269876606762
-0.961275041103363, 2.9150954941287637
0.10563263669610023, 0.3968658745288849
-1.560635969042778, 1.2237826436758041
0.5284954607486725, 0.4785607159137726
-3.179583102464676, 3.03081776201725
-1.5254786983132362, 0.26274068653583527
-4.424584150314331, 1.5809215009212494
-2.60809788107872, -0.9326012134552002
-0.9993100762367249, 3.0669551491737366
-3.201973930001259, 1.5912947952747345
0.65194071829319, -0.34335531666874886
-0.6714018136262894, -4.710892200469971
-3.6477567553520203, 0.6968581080436707
1.6852094680070877, 2.021910160779953
-0.8166894242167473, 0.834937572479248
1.3944653421640396, -0.9085131995379925
-2.277052029967308, 1.3056169748306274
-3.9555452466011047, -0.07297813892364502
-2.6949554160237312, 1.248701572418213
-0.8457765784114599, 0.4521823525428772
-7.035351872444153, -0.7657732367515564
-1.2245729267597198, -1.8202167972922325
-1.4819399234838784, -1.471362292766571
-2.7689650431275368, 3.905154824256897
0.6465673185884953, 0.5469368398189545
-2.157526984810829, 3.6046279668807983
0.570094108581543, -0.1363852322101593
-3.2945421040058136, 0.6929713189601898
1.8217733297497034, 3.767537012696266
-0.00968797318637371, 2.300999701023102
-0.381791889667511, 0.7267351821064949
-1.6018240572884679, -0.6155474185943604
-2.801529884338379, -0.09328445047140121
-0.9316576421260834, -0.5177370607852936
-2.6966443806886673, 2.1278735399246216
-3.6442965865135193, 2.713134467601776
-1.2447445094585419, 1.3901317119598389
-2.2708554714918137, -0.5644994676113129
-4.215659461915493, 3.5350050777196884
-1.6034992039203644, 2.948766775429249
-1.8141707852482796, -0.02974545955657959
-1.6356974858790636, -0.057654231786727905
-2.560053735971451, 1.0809610448777676
-2.0731000900268555, 0.035695597529411316
-6.172125816345215, -2.0598149187862873
0.8264548555016518, 0.44654370844364166
3.784369170665741, 0.34213512390851974
-3.0644718408584595, 2.0475090742111206
-4.656387746334076, 3.750000484287739
2.1521627008914948, 0.23996862559579313
-2.6553232967853546, 0.19632460922002792
-1.5065652281045914, 0.4738048203289509
-2.3732928931713104, 1.3246017321944237
-1.4378842432051897, 0.8248177766799927
-1.4078116416931152, 2.4408859312534332
-2.2028929367661476, -0.44430673122406006
0.02119358628988266, 1.0600258521735668
-3.1812041103839874, 3.556163042783737
-3.9344451427459717, 3.169524312019348
-1.9419128075242043, -2.560225552879274
-4.982353150844574, -1.0868093371391296
-1.8887346386909485, 0.46338459849357605
-1.6342235133051872, -0.7267020824365318
-1.2042093127965927, -1.7993957996368408
-3.3827261477708817, 0.5638890266418457
-1.8634948134422302, -1.6063865032047033
-2.1099507212638855, 0.40228617936372757
1.8378516398370266, 0.14740028977394104
-0.6348476260900497, 2.7151932567358017
-0.6890650540590286, 2.2337511219084263
-2.9448788911104202, -0.5239051580429077
-1.132911503314972, 5.906053751707077
-6.086109817028046, -0.42205294966697693
-1.0231003928929567, 4.5017892718315125
-2.2900107577443123, -0.4894545078277588
1.651896446943283, 0.799545168876648
-2.0653535425662994, 3.159001410007477
-0.5826634094119072, 1.4169691652059555
-0.866666778922081, 0.12055157124996185
0.6431223750114441, -2.36690753698349
-1.6112710237503052, -1.3068229705095291
-0.7694136500358582, -0.9509408846497536
-2.6188967376947403, 3.6856496334075928
-3.4534843768924475, 2.581582089420408
-1.2057285904884338, 3.979410231113434
-0.6441065967082977, -1.2601963467895985
0.7909484952688217, -0.3721665143966675
0.507602721452713, -0.6567111909389496
-1.4228950291872025, 2.7699390649795532
-2.3896505124866962, -1.9107473157346249
-2.3690206594765186, 0.8791995188221335
-2.445403039455414, 2.319201074540615
-0.8570998311042786, 1.7279585599899292
-4.4532828368246555, 0.5866156220436096
0.34924696385860443, 2.9877265095710754
2.05683084577322, -0.8271328471601009
-0.8893932998180389, 2.667688950896263
1.2254847288131714, -0.49156254529953003
-0.1565319374203682, 1.9045236110687256
-0.7098103761672974, 0.6772414743900299
-2.3383863754570484, 3.6981282234191895
1.1207688003778458, 0.691449373960495
-1.2296460419893265, -0.22973143961280584
-2.035967767238617, 0.2884078174829483
-0.5398367568850517, 0.6827356070280075
-2.1837267875671387, -0.36690184473991394
0.40676306933164597, -0.6711201369762421
-1.2089046835899353, -0.12505073193460703
-3.1829297840595245, 1.3967683911323547
0.36307087540626526, 0.4112827479839325
-1.6686494275927544, 1.5942172408103943
1.2687707841396332, 0.8578650504350662
-2.570261485874653, 0.40261493623256683
-2.5303300046361983, 0.5120750516653061
-2.6861201226711273, -1.7011699806898832
-1.0700063109397888, -7.039471074938774
-1.3175868391990662, 0.5041543692350388
-2.2702373191714287, -0.8099606409668922
-1.2047474011778831, -1.1280957162380219
-0.767331637442112, -2.6228457391262054
-2.904065042734146, -2.118171513080597
-1.995560735464096, -0.4600912928581238
-1.4356560781598091, 3.7217972725629807
0.820109948515892, 3.758688449859619
0.9573873579502106, 0.9667579829692841
-4.569333046674728, 3.660822980105877
-1.8556789867579937, 2.285229444503784
-1.294533371925354, 0.7636942267417908
-2.0338493436574936, 0.5825295448303223
-1.7440724596381187, -0.42777732014656067
-0.6451610289514065, -0.6817596852779388
-1.5438672378659248, 0.5168973207473755
-2.4649903308600187, 1.4826225340366364
-1.479377344250679, 3.5798811316490173
-4.206056118011475, -2.533477835357189
1.473278340883553, 1.8810489028692245
-0.24171486496925354, -0.20533853769302368
-1.299622654914856, 2.0396730601787567
0.2580408900976181, 2.0763389244675636
-0.7425968050956726, 0.7394445929676294
-0.5712175071239471, 1.184055045247078
-3.194539248943329, 0.47009725123643875
0.6306804642081261, -0.29211461544036865
-3.359180288389325, -3.5768352150917053
-0.23722957633435726, 2.2823874801397324
-1.2367751970887184, 3.6707396879792213
0.37724078446626663, 1.8749278485774994
-2.015802279114723, 2.259201530367136
-0.7145893648266792, 1.7268723845481873
-1.62621084228158, 1.2869677245616913
-1.4334285259246826, -0.17183156311511993
-1.3453760668635368, -0.18992236256599426
-1.009032104164362, -0.1424417495727539
-1.04158665984869, -0.6070952713489532
-1.228635922074318, 0.17256370186805725
-1.862981028854847, -1.8442772924900055
7.0610657930374146, -1.97804294526577
-1.565677136182785, 0.9254771769046783
-3.3217326179146767, 1.9650744944810867
-0.19826874136924744, -0.26736096292734146
0.42372892796993256, 0.9886684119701385
-0.37670230865478516, -1.135690987110138
-1.6380303502082825, 0.558315958827734
-1.1563671380281448, 2.4974766671657562
-2.116309031844139, 2.6335842050611973
-1.6662607640028, -0.1449570506811142
-0.6127158105373383, 3.506173849105835
-2.389367464929819, -0.2178178457543254
0.3525393158197403, -1.3058326840400696
-2.4232536628842354, 2.2455474734306335
-2.18598491884768, 0.09903286397457123
-0.8696613907814026, 2.8066854402422905
-0.5217592269182205, -0.20464615151286125
-1.0434073954820633, 2.7795231640338898
-1.1532766222953796, 0.37584203481674194
-0.6464357119984925, -0.3516756594181061
-0.8563887923955917, 1.0800190716981888
-0.4033910781145096, 1.5553954541683197
-1.9628535360097885, 2.3413475155830383
-0.18623843789100647, 5.408457458019257
-3.1686312556266785, -2.405080020427704
-4.558144204318523, 2.816337138414383
-3.6099776178598404, -0.47062432765960693
-2.557623267173767, -1.684437170624733
1.7389427796006203, 0.5732619017362595
0.734207384288311, -0.9790265560150146
-1.9632034301757812, 1.8263221010565758
-2.3814412653446198, -0.7288429783657193
0.025132596492767334, 1.6866846233606339
-2.020551919937134, -2.0090358331799507
-1.5895346011966467, 0.6522175036370754
-1.3172035440802574, 1.8248074427247047
0.7101039290428162, 1.6738907247781754
-0.918621838092804, 2.726477235555649
-3.3371039032936096, -3.16749463416636
-4.718702465295792, 2.0993214920163155
-5.7621190547943115, -1.4489755034446716
-2.4613099433481693, -0.05683022737503052
0.17295965552330017, 0.41700245440006256
0.7085576057434082, 1.5977838337421417
0.49065080285072327, -0.16252920776605606
-1.8309090957045555, -1.3869717419147491
-2.2839386016130447, 1.3950222730636597
-0.18735991418361664, 1.075589794665575
-2.3162086214870214, 2.3855025470256805
0.561540961265564, -0.171219140291214
-1.810700073838234, -1.3443499356508255
1.0793818980455399, 1.8480248153209686
-3.015561506152153, -0.061172693967819214
-2.395521581172943, -0.753030002117157
-1.3147706240415573, 0.6237801685929298
-3.089398294687271, -0.8244231045246124
-0.9387710392475128, 2.621897265315056
-0.7669076398015022, 2.476966593414545
-2.77334001660347, 1.7359795942902565
-0.9476882591843605, -0.48467230051755905
-1.9066784349270165, 0.1410359274595976
-1.8619222193956375, 2.0343502163887024
-1.3215055977925658, -0.42378878593444824
-4.9952231496572495, -0.1304967775940895
-2.0275409668684006, 0.3450485095381737
-1.405153863132, -0.47732268273830414
-2.258209027349949, 0.16857914626598358
-1.167238773778081, -0.2805001921951771
-0.8666495531797409, -0.5108360759913921
-0.4516418008133769, 0.033715832978487015
-1.3549253903329372, 0.10114751383662224
-4.718022376298904, -2.634982541203499
-1.6153613403439522, -1.8728427439928055
-3.475539981503971, -0.05278575420379639
3.3448314368724823, 1.6135583519935608
-2.43718945980072, 0.5532101579010487
-2.762322813272476, 3.6182808876037598
-0.9033708777278662, -0.24380146944895387
-0.6348683387041092, 0.4230714738368988
-1.8470028638839722, 5.1567723751068115
-0.5194417349994183, 0.4865838773548603
-1.5930894687771797, 1.0420219395309687
-2.1123941726982594, -0.15057775378227234
-1.521098054945469, 0.5614029169082642
-3.44444227963686, -1.7380724884569645
-0.5194417349994183, 0.4865838773548603
-1.226705864071846, 0.034171356819570065
-1.2611960172653198, 0.7485400140285492
-0.9226334691047668, -0.10734595358371735
-0.5194417349994183, 0.4865838773548603
-2.275145173072815, 0.33486707508563995
-2.3232413828372955, 0.5426042824983597
-0.23685283423401415, 0.18629734218120575
-1.3041876703500748, 0.8647717237472534
-0.6475463509559631, 0.28917398024350405
-0.052525538951158524, 0.8845367282629013
0.7999905049800873, 1.378482487052679
-1.0504540801048279, -1.3485879749059677
-0.6656308621168137, 0.8525848984718323
-0.5194417349994183, 0.4865838773548603
-0.5194417349994183, 0.4865838773548603
-0.5194417349994183, 0.4865838773548603
-0.27412809431552887, 0.7349853739142418
-0.5194417349994183, 0.4865838773548603
-3.270438104867935, -0.437937930226326
-0.5194417349994183, 0.4865838773548603
-1.2008652314543724, 1.492927711457014
0.33582445979118347, -5.144128918647766
-0.5194417349994183, 0.4865838773548603
-0.5194417349994183, 0.4865838773548603
-0.5194417349994183, 0.4865838773548603
-1.612667553126812, 1.5420582704246044
-0.5194417349994183, 0.4865838773548603
-0.32876614667475224, 0.12313887476921082
-0.6276595667004585, 0.3084741020575166
-0.42854107916355133, 0.658087719231844
-0.6065223813056946, -0.4330126941204071
-1.0040319710969925, 0.2517593204975128
0.24982611648738384, 0.19436198472976685
-0.6475463509559631, 0.28917398024350405
-0.488262333907187, 0.3034007176756859
-1.196178324520588, 0.8359178453683853
1.3213484324514866, -0.1223183162510395
-0.5194417349994183, 0.4865838773548603
-0.5194417349994183, 0.4865838773548603
-0.4186123013496399, 0.37549108266830444
-0.5194417349994183, 0.4865838773548603
-1.0996244018897414, -0.4948396794497967
-3.0129135251045227, 3.050724744796753
-1.1844166666269302, -0.4719808101654053
-1.760699784848839, 1.0066824331879616
-0.792213000357151, 0.08483764855191112
-2.144789010286331, -0.6180512271821499
-0.3865156024694443, 0.5274056326597929
-1.8079049587249756, -0.016467049717903137
-1.248168669641018, 2.0149997174739838
-1.1780475080013275, 2.154887730255723
-1.2702741585671902, 1.3553350567817688
-1.6741150729358196, 1.2602753192186356
-4.87351743131876, 2.6354416012763977
-1.2483547553420067, 1.3299981951713562
-0.6980595961213112, 1.1606969833374023
-2.175704315304756, -0.2548523396253586
-0.5194417349994183, 0.4865838773548603
-2.4698064466938376, -1.7080137133598328
-1.832448497414589, -0.08090418204665184
-2.274943381547928, -1.707937814295292
-0.3764011460589245, -0.03750177100300789
-3.8149667233228683, -2.0389013066887856
-2.1892351023852825, -1.16713148355484
-1.8321563452482224, 3.062522977590561
-0.9721066206693649, 2.82773295044899
-3.113049879670143, -2.7986443042755127
-0.46773449517786503, 0.34640106558799744
-2.0844728127121925, 2.5998613834381104
-1.8172311186790466, -1.1064749285578728
-1.7930087596178055, 0.4715740978717804
0.3371647894382477, 0.0550219863653183
-2.513007625937462, 0.5106698870658875
-1.8268877863883972, 1.927809864282608
-0.9801967740058899, -1.4616718888282776
-1.5494618117809296, 0.4095562696456909
-0.2507797181606293, 3.254392623901367
-0.7009374350309372, 2.7355689704418182
-2.6049633026123047, 0.6291039139032364
-2.1051706969738007, -1.3902341779321432
-0.5221542129293084, -0.6610341370105743
-0.5074600875377655, 2.2136984020471573
-2.034224510192871, 0.8117315098643303
-3.1739316675812006, 0.2909359335899353
-3.7297110110521317, 0.46938950568437576
-0.8374089747667313, 0.9580368995666504
1.795864999294281, 1.517409548163414
-0.3508616406470537, -0.3192717954516411
-1.560597613453865, 0.16322849318385124
-4.265422940254211, 1.8884450495243073
-4.706001698970795, -1.578248891979456
-0.15577270835638046, 0.16493506729602814
-0.8376951441168785, 1.382452555000782
0.22986267507076263, 0.08966413140296936
-0.059786923229694366, -0.30955585837364197
0.29068898502737284, 0.2204275131225586
-4.01338005065918, 1.8065349459648132
0.29987411201000214, 1.906038075685501
0.604138195514679, -0.8825520328246057
-2.2843317687511444, -2.6000718623399734
-1.4724351167678833, 1.0412095710635185
-1.124265730381012, -0.5333520472049713
1.2560308426618576, -0.5047867298126221
-0.6797421388328075, -0.5667205341160297
-1.5936796739697456, 0.4709775820374489
-1.1992043256759644, -0.14246102422475815
-0.18939993157982826, 2.848336383700371
-1.2800202071666718, 0.8499850928783417
-0.8399707674980164, 0.6285577267408371
-0.3688509911298752, -4.688671953976154
0.7897885292768478, -2.2567239701747894
-0.1239127516746521, 1.0107415691018105
-0.29970915615558624, 2.0913407653570175
-2.610747069120407, 2.864217057824135
-1.01720230281353, -1.8399601578712463
-2.7370450496673584, 3.158431325107813
-2.3172950446605682, 2.3277156949043274
-1.5244841575622559, -0.699760377407074
-1.9453438483178616, 0.235465869307518
-1.830038659274578, 1.0436862967908382
-1.6343701630830765, -1.0869678258895874
-1.9453438483178616, 0.235465869307518
-5.066364258527756, 1.1603971007280052
-2.593791775405407, 0.3139544948935509
-1.2968958877027035, 0.15697724744677544
-3.266978308558464, -0.48902226984500885
-0.5151318572461605, 1.7566293478012085
-1.624797448515892, 2.3353525400161743
-1.2968958877027035, 0.15697724744677544
0.6296749138273299, -1.5409654378890991
-3.3212894797325134, 0.580851823091507
-0.14872153103351593, 1.3100903583690524
-1.5682292617857456, -0.032605160027742386
-0.08947643637657166, 0.35793858766555786
-0.8124383985996246, 0.42598421312868595
1.3851173584116623, -0.15724879503250122
0.06000490486621857, 2.97757694683969
-0.25562041997909546, 4.175100985914469
-1.0753749087452888, 2.7920513823628426
-2.560253322124481, 0.8193323537707329
-5.799315258860588, -1.6233550310134888
-0.33423085510730743, 2.6242508739233017
-0.7328999936580658, -3.9902366399765015
-0.5132119804620743, -0.1848740577697754
-1.6958464682102203, -0.06625351309776306
-5.795555040240288, 3.1805671183392406
-1.6579710692167282, 0.41544580459594727
-3.7313613295555115, 1.6581276562064886
-1.640368565917015, 1.5296016037464142
-1.0352919567376375, -0.2619886100292206
-2.6349368542432785, -2.4478587210178375
-0.9357943534851074, 1.415496587753296
-0.8272840157151222, 0.9660328030586243
-0.4000515788793564, 0.28797178715467453
-0.5938641130924225, -0.2006278932094574
-1.3990356419235468, 1.4150154292583466
-3.476420074701309, 0.612628081580624
-1.7329729497432709, 1.155097246170044
-2.000257894396782, 1.4398587942123413
-1.6002063155174255, 1.1518871486186981
-0.4000515788793564, 0.28797178715467453
-0.4000515788793564, 0.28797178715467453
-0.3949371948838234, 2.4057416319847107
0.3248574137687683, -0.21870087087154388
-0.8001031577587128, 0.5759435743093491
-1.6002063155174255, 1.1518871486186981
-1.8887457102537155, 0.8845592141151428
-1.8464620672166348, -0.9014527723193169
-1.3789543807506561, 0.8857127977535129
1.6889442801475525, 4.550003409385681
-2.1497888416051865, 0.644324503839016
-0.9006059467792511, -0.017321884632110596
-1.8941214382648468, 0.5877667367458344
-1.8035775674507022, 0.6245138049125671
-1.0201504230499268, 2.0609182827174664
-0.7945598540827632, 0.00247051939368248
-0.9060857743024826, -0.3791729062795639
-2.370884031057358, -5.3963165283203125
-1.2985676527023315, 0.11438868194818497
-2.3209135830402374, -2.2014199271798134
-1.2543654292821884, -0.5689221620559692
-1.9131296575069427, -0.17984962835907936
-0.1814424991607666, 2.0873188078403473
-1.937240218743682, -0.1667499616742134
-1.0822626054286957, 0.5041632950305939
-0.8634208589792252, 0.3076445981860161
-1.4686810597777367, 0.5171924531459808
-0.131351076066494, 1.1099583804607391
-1.0509564355015755, -0.10303807258605957
-0.35073844343423843, 1.2611493617296219
-0.9553459407761693, 0.133358396589756
-1.3093068450689316, -0.4680826663970947
-1.8417239338159561, 0.4354650676250458
0.3503584861755371, -0.7575585842132568
-0.8730264154728502, -0.35020679235458374
-0.02549709379673004, 0.4681558310985565
-1.188813790678978, 0.7725735582062043
-1.812691904604435, -1.0483401864767075
1.1004004031419754, -0.7176984678953886
-1.7673897743225098, 1.4158175587654114
-0.7701411619782448, 0.08518412709236145
-1.7217431403696537, 0.4730834662914276
-1.8199753761291504, 1.082290280610323
-1.0362045541405678, 0.5201629400253296
-2.7942350320518017, 0.5632030125707388
-1.152711309492588, 1.1087762713432312
-0.4639077093452215, 0.19110750406980515
-0.9725912138819695, -0.06524302065372467
-0.7797804921865463, -1.475089192390442
-0.7993166446685791, -0.5687300162389874
-1.657837301492691, -0.23650133609771729
-0.7993166446685791, -0.5687300162389874
-1.188813790678978, 0.7725735582062043
-1.6834455225616693, 0.7602858915925026
-0.7993166446685791, -0.5687300162389874
-0.44656214118003845, -0.13240686221979558
-3.0614535808563232, 3.891439199447632
-3.1972665786743164, -2.27492006495595
-0.533480629324913, 0.17326563596725464
-1.3824054151773453, 0.3294384926557541
-0.7993166446685791, -0.5687300162389874
-2.6103315390646458, 2.7340689972043037
-0.7993166446685791, -0.5687300162389874
-1.0210826992988586, 1.0846418738365173
-0.7993166446685791, -0.5687300162389874
-0.7993166446685791, -0.5687300162389874
-0.7993166446685791, -0.5687300162389874
-0.7993166446685791, -0.5687300162389874
-0.7993166446685791, -0.5687300162389874
-0.7993166446685791, -0.5687300162389874
-0.7993166446685791, -0.5687300162389874
-0.7993166446685791, -0.5687300162389874
-0.7993166446685791, -0.5687300162389874
-0.7993166446685791, -0.5687300162389874
-0.7993166446685791, -0.5687300162389874
-1.6923426687717438, 1.072181947529316
-0.7993166446685791, -0.5687300162389874
-0.7993166446685791, -0.5687300162389874
-0.7993166446685791, -0.5687300162389874
-1.7832206934690475, 1.158860382041894
-0.7993166446685791, -0.5687300162389874
-0.7993166446685791, -0.5687300162389874
-0.7993166446685791, -0.5687300162389874
-0.7993166446685791, -0.5687300162389874
-0.7993166446685791, -0.5687300162389874
-2.377627581357956, 1.5451471164124086
-0.7993166446685791, -0.5687300162389874
-0.7993166446685791, -0.5687300162389874
-0.8878016825765371, 1.0950809717178345
0.7528545632958412, 0.7936761640012264
-0.8878016825765371, 1.0950809717178345
-2.0292559266090393, -0.2560315281152725
-0.7533214092254639, -0.4414665699005127
-0.5947609841823578, 0.14322251081466675
-1.325014390051365, -0.7591293752193451
-0.03163149580359459, -0.27568014711141586
-0.03163149580359459, -0.27568014711141586
-0.4525887668132782, 1.2354594357311726
-1.021744966506958, -0.02104496955871582
-1.8892278373241425, 1.2584538161754608
-0.7527751848101616, 0.3242316650066641
-0.3661935329437256, 0.9002355635166168
-1.4915693998336792, 0.6484792977571487
-1.2791219055652618, 0.13223585486412048
-2.7538232430815697, 2.7247624546289444
-3.816533535718918, 1.1636629104614258
-1.5002939999103546, 0.23934036493301392
-2.7372885942459106, 3.4573620930314064
-0.3486931100487709, 0.5645985971204937
-1.7139646708965302, 0.2129952348768711
-2.415324881672859, -0.3965919893234968
-0.5101379454135895, -0.8119205497205257
-0.26471319794654846, 0.32812849432229996
-0.32143399119377136, 1.0940035283565521
-0.557127520442009, 0.941901445388794
-2.713944762945175, 0.5146092176437378
-1.5822078883647919, 0.44659990072250366
-1.414481371641159, 0.9733782485127449
-0.06876277062110603, -0.14756612945348024
-1.3995274901390076, -1.1049500778317451
-2.4325269013643265, 3.164570987224579
-0.646275632083416, 0.06398444809019566
-1.292551264166832, 0.1279688961803913
-0.8668887317180634, -0.11183028295636177
-1.4908461719751358, 0.6305189281702042
0.04003506898880005, -0.3961968421936035
-0.265689879655838, 1.0451032519340515
-1.7832206934690475, 1.158860382041894
-1.7027645758353174, -0.31898845732212067
-1.7832206934690475, 1.158860382041894
-1.188813790678978, 0.7725735582062043
-1.7832206934690475, 1.158860382041894
-2.377627581357956, 1.5451471164124086
-1.7832206934690475, 1.158860382041894
-1.3622901141643524, 3.3232575058937073
-1.7832206934690475, 1.158860382041894
-2.1900691390037537, 1.5403539687395096
-2.554430976510048, 4.56390243768692
-0.9908278807997704, -0.5066992715001106
-2.377627581357956, 1.5451471164124086
0.12721705436706543, 0.9979181289672852
-1.188813790678978, 0.7725735582062043
-1.7832206934690475, 1.158860382041894
-2.377627581357956, 1.5451471164124086
-0.25500161945819855, 0.566584873944521
0.15918520838022232, -0.9333505034446716
-0.3742186836898327, 0.3873498849570751
-0.9933584779500961, -0.42119571566581726
-0.5710649788379669, -1.2153977751731873
-2.3814677596092224, -0.3931398205459118
-1.7892593145370483, 0.8835532516241074
-0.5675881919451058, -0.10632948949933052
-1.1351763838902116, -0.21265897899866104
-0.5254648867994547, -0.023299853317439556
-2.429486095905304, -0.7035122960805893
-1.0736313164234161, -0.07176260650157928
0.15874969959259033, -3.750321090221405
-1.0736313164234161, -0.07176260650157928
-1.6104469299316406, -0.10764400660991669
-1.6104469299316406, -0.10764400660991669
-1.0736313164234161, -0.07176260650157928
-0.37923175655305386, 0.20909453183412552
-0.8489943295717239, -0.369809590280056
-1.0579947754740715, 0.47460488975048065
-1.123392939567566, -0.6229009255766869
-0.7489286363124847, -0.4152672626078129
-0.8946337215602398, -0.05484488233923912
0.2168775424361229, 0.18946200236678123
0.6506326571106911, 0.5683860778808594
0.4337550848722458, 0.37892400473356247
-1.922228530049324, -1.5182152763009071
-0.8781612068414688, -0.3727070689201355
