0.054739635437726974, 1.020682454109192
0.07689374685287476, 0.3115185499191284
0.807219386100769, 0.33472922444343567
0.45598018169403076, 1.3401219844818115
0.5211626291275024, 0.8273620009422302
0.3207242488861084, 0.5283507108688354
-0.20930998027324677, 0.2147633135318756
-0.19590051472187042, 0.5002204775810242
-0.6520012021064758, 1.6809906959533691
-0.3074439465999603, 0.40881437063217163
-0.10061253607273102, 0.6314747333526611
-0.44556522369384766, 0.553139328956604
-0.44105538725852966, 0.8412441611289978
-0.2500009536743164, 1.1775544881820679
-1.1910734176635742, 1.635507345199585
-0.2861541211605072, 0.24706131219863892
1.154412031173706, 0.1398995816707611
0.27217918634414673, 0.6661338210105896
0.8537843823432922, 0.43382370471954346
-1.0838676691055298, 0.565008282661438
0.5310030579566956, 0.7294798493385315
0.17521578073501587, 0.2644398510456085
0.2062319964170456, 0.571025550365448
0.07283089309930801, 0.38016897439956665
-0.28616443276405334, 0.3848516643047333
-0.06360767781734467, 0.5633764863014221
-0.36831867694854736, 0.758112370967865
0.34210944175720215, 0.5853080153465271
0.10743398219347, 0.750124990940094
0.716929018497467, 0.19325460493564606
0.025356287136673927, 1.2465442419052124
-0.16298383474349976, 0.6459773778915405
0.1451689898967743, -0.27315545082092285
0.30688998103141785, 0.26889073848724365
-0.2876201868057251, -0.19170449674129486
0.7733963131904602, -1.0334542989730835
0.04537416249513626, 0.8536825776100159
-1.0283446311950684, -0.9995108842849731
-0.05093086138367653, 0.4317827522754669
-0.3730262219905853, 0.6875901818275452
0.37668052315711975, 0.2291184514760971
-0.7461238503456116, -0.15614886581897736
-0.4733891785144806, 0.6884903311729431
0.05025014653801918, -0.06322329491376877
0.22957228124141693, 0.3045826554298401
0.2838723659515381, -0.26768410205841064
0.26845109462738037, 1.271682858467102
-0.07954703271389008, -0.07450645416975021
0.5481875538825989, 1.1347112655639648
-0.187520831823349, 1.1342767477035522
-0.7437891364097595, -0.14749962091445923
0.4741836488246918, 0.18389849364757538
-0.4698735177516937, 0.9605458974838257
0.689487636089325, -0.5672298073768616
-0.2983217239379883, -0.9344080686569214
-0.45667940378189087, -0.03502989187836647
-0.0236342903226614, 0.34521010518074036
0.6385151743888855, 0.5537657141685486
0.18174037337303162, 0.4705870449542999
0.15317681431770325, 0.5916345715522766
-1.6619733572006226, 0.5911594033241272
0.1696927547454834, 0.2835627496242523
0.6602601408958435, 0.34125855565071106
0.051141753792762756, 0.3670407831668854
-1.1189663410186768, 1.7889721393585205
-0.24293355643749237, 0.39921659231185913
-0.27591902017593384, 0.6116286516189575
1.4097070693969727, -0.8354888558387756
0.4123923182487488, 0.0585286021232605
-0.13463999330997467, 0.29463115334510803
1.0646631717681885, -0.20969991385936737
0.1281808614730835, 0.9584855437278748
0.7040653228759766, 0.3332992494106293
-0.24272115528583527, 0.27584677934646606
1.4936412572860718, -0.8137171268463135
0.39364978671073914, 0.9824726581573486
0.3316856026649475, 0.056600477546453476
-0.09688552469015121, -0.14275676012039185
0.541961133480072, -0.25594937801361084
-1.0733225345611572, 1.2033356428146362
-0.237355574965477, 0.37849023938179016
-0.17919009923934937, 0.2943440079689026
-1.1381243467330933, 0.27305763959884644
-0.49496790766716003, 0.7312347292900085
0.06081274151802063, 0.4365437924861908
0.6481577157974243, 0.4285779893398285
-0.44337061047554016, 0.17470043897628784
0.4467387795448303, 0.37641671299934387
0.08070773631334305, -0.3384428918361664
-0.07430879026651382, 0.6632429361343384
-0.24668265879154205, 0.8935317993164062
0.0016577900387346745, 0.6002896428108215
-0.53053879737854, 1.6477715969085693
0.4250214993953705, 0.5542373061180115
-0.21660780906677246, 0.07841095328330994
-0.38272127509117126, 0.9393903613090515
-0.5142056941986084, -0.8145745992660522
-0.1413840353488922, 0.11212195456027985
-0.17649021744728088, 0.24036158621311188
0.24297992885112762, 0.11890500783920288
-0.3302088677883148, 0.2752026915550232
-0.25078707933425903, 0.36584895849227905
0.7632167339324951, 0.45121344923973083
0.48683926463127136, 0.007863724604249
0.276762992143631, 0.10812875628471375
-0.005728230811655521, 0.1417430341243744
0.9882280230522156, 0.5281200408935547
0.7798404097557068, 0.28542402386665344
-0.7971174716949463, 0.17220169305801392
-0.48161500692367554, -0.08922261744737625
0.07104521244764328, 0.015666276216506958
-1.2812823057174683, 0.4983774423599243
-0.6321305632591248, -0.15179593861103058
0.39051347970962524, 0.5921398997306824
0.7388768792152405, 0.5420843958854675
-0.29234054684638977, 0.6703036427497864
0.09272553771734238, 0.6127403974533081
0.42528364062309265, 0.279420405626297
-0.3931801915168762, 0.6497093439102173
-0.1042601689696312, 1.0792889595031738
0.004334673751145601, 0.20920035243034363
0.2584347128868103, 0.8021666407585144
0.9249395728111267, 0.012036899104714394
-1.0702621936798096, 2.464063882827759
-1.499982237815857, 0.19853070378303528
-0.08044473081827164, 1.0586168766021729
-0.9121749401092529, 1.7043532133102417
0.3043586313724518, 0.18513689935207367
0.31456923484802246, 0.6020013689994812
-0.405349999666214, -0.07844797521829605
0.35428372025489807, -0.6330769658088684
0.7895935773849487, 0.7409937381744385
-0.7112999558448792, -0.747361958026886
-1.768105387687683, 0.022337602451443672
0.3277350068092346, 0.4446921944618225
0.4050002992153168, 1.1495252847671509
-0.6086811423301697, -0.4736178517341614
-0.26353779435157776, 0.19653625786304474
-0.09400513768196106, 0.518740177154541
-0.032588861882686615, 0.47470688819885254
-0.9570070505142212, 0.12538555264472961
0.22980435192584991, 0.16731128096580505
-1.1243959665298462, -0.035977110266685486
-0.2778005301952362, 0.49989718198776245
-0.13865534961223602, 0.0360807329416275
-0.10838533937931061, 0.7173603773117065
-0.0611921064555645, 0.22065988183021545
0.40327754616737366, 1.1246352195739746
-0.319375216960907, 1.1587554216384888
0.417125403881073, 0.2801799476146698
0.03700454905629158, 0.7949249744415283
-1.0328906774520874, 0.32035908102989197
1.0259381532669067, 0.3043764531612396
0.6163711547851562, -0.022980695590376854
-0.04405047744512558, 0.5295811295509338
0.34249943494796753, 0.24368858337402344
0.3455740809440613, 0.6870266199111938
0.09214640408754349, 0.7747083902359009
-0.3809210956096649, 0.6876965761184692
0.3671055734157562, 0.6783772706985474
0.29089289903640747, 0.6023591160774231
-0.08459107577800751, 0.12450219690799713
0.033286403864622116, -0.37229040265083313
-0.5402721166610718, 0.3618558943271637
-0.23874907195568085, 0.5804365277290344
-1.3005821704864502, 0.7082053422927856
0.3829505443572998, -0.2137330025434494
-1.1740022897720337, 1.5661511421203613
-0.9759799242019653, 1.291489601135254
-1.479419231414795, 0.8357807993888855
-0.04620455950498581, -0.18672026693820953
-0.09698428213596344, 0.13918448984622955
-0.48115602135658264, 0.7107961177825928
-0.22252601385116577, 0.7911614775657654
0.15943050384521484, -0.7079326510429382
-0.01835060305893421, 1.2496720552444458
0.25185373425483704, 0.5841565728187561
-0.6806207895278931, 0.2732928693294525
-0.761629045009613, 0.7286891341209412
0.1817678064107895, -0.37082818150520325
-0.5130488872528076, 0.027722297236323357
-0.3383593261241913, 0.047366488724946976
-0.4291576147079468, 1.5011694431304932
0.09436269104480743, 0.740801990032196
0.5076229572296143, 6.092816474847496E-4
-1.3451474905014038, -0.17036172747612
-0.8080379962921143, 2.0075881481170654
-0.2909298241138458, 0.23331111669540405
0.20098569989204407, 0.006015320774167776
-0.4582023322582245, 0.3326925039291382
-0.08366960287094116, 0.7476996183395386
-0.02655370905995369, 1.4995931386947632
0.01929173618555069, 0.902141809463501
0.1627032607793808, 0.2267133742570877
-0.33147865533828735, 0.16092193126678467
-0.11374660581350327, 0.5267458558082581
-0.9866907000541687, 0.2843601703643799
0.1862720400094986, -0.04642338305711746
0.30794557929039, 0.15836238861083984
-0.4777609705924988, -0.2319757491350174
0.21529217064380646, 0.44911929965019226
-2.15761137008667, 3.028550624847412
-0.732387900352478, 0.09331796318292618
0.6802550554275513, 1.3439804315567017
-0.9211121797561646, 1.081868290901184
-0.5648981332778931, 0.564143717288971
-0.12136561423540115, 0.11126897484064102
-1.0351818799972534, -0.19585020840168
0.4318561255931854, -0.06643766164779663
0.11790520697832108, 0.38967159390449524
-0.14967603981494904, 0.7752406001091003
-1.0756347179412842, 0.4670846462249756
-0.2955932021141052, 0.4841076135635376
0.45166856050491333, 0.7461525201797485
-0.5980978012084961, 0.352780282497406
0.3876458704471588, 0.013620723970234394
-1.0374999046325684, -0.21415004134178162
-0.41175633668899536, 0.7555650472640991
1.080858588218689, 0.3254970908164978
0.3059210479259491, 0.39368921518325806
0.41016653180122375, 0.3146474361419678
-0.07022999972105026, -0.0296279639005661
-1.1519875526428223, -0.7654663324356079
-1.0019134283065796, 0.020723924040794373
-0.7098110914230347, 0.33685198426246643
-0.6336926221847534, 0.5895471572875977
0.0675184428691864, 1.3220518827438354
0.40521886944770813, -1.10709547996521
1.464460015296936, 0.5443325638771057
-0.36523324251174927, -0.31134742498397827
-0.4177476763725281, -0.01929410733282566
0.08872566372156143, 0.7802143692970276
-0.005240641999989748, 0.019302383065223694
-0.12449447065591812, 0.8081874847412109
0.0849824771285057, 0.881468653678894
0.3191041052341461, 1.0595474243164062
0.16102461516857147, 0.6395812034606934
-0.25483986735343933, 1.0840014219284058
0.6553649306297302, 1.1319622993469238
0.22069138288497925, 0.8580814599990845
-0.6600559949874878, 1.5872992277145386
-0.14487408101558685, 0.20430098474025726
0.05915490910410881, 0.20815302431583405
0.8028446435928345, 0.02353803440928459
-0.3723929524421692, 0.12453103810548782
0.1988687664270401, 0.7229529023170471
-0.42731088399887085, 0.7751137018203735
0.6859526634216309, 0.5832837820053101
0.5295384526252747, 0.5038741827011108
0.05446378514170647, 0.3639441430568695
-0.033788230270147324, 0.6227993965148926
0.4965227246284485, -0.015527951531112194
-0.47110623121261597, 0.10907768458127975
-1.151334285736084, -0.22418484091758728
0.5916714072227478, -0.01963675767183304
-0.5755792260169983, 0.4294934868812561
0.14671508967876434, 0.9307717084884644
-1.492500901222229, -0.5090428590774536
0.4606388509273529, 0.17913717031478882
-0.3836926817893982, -1.4425379037857056
-0.010427331551909447, -0.36815765500068665
-0.04554104059934616, 0.25379595160484314
-0.5463560223579407, 0.6941535472869873
0.16287565231323242, 0.715478777885437
-0.3292464017868042, 1.0311702489852905
0.0225698072463274, 1.1743797063827515
0.1861647218465805, 0.60456782579422
0.44103872776031494, 0.46992021799087524
1.245151400566101, 0.5236255526542664
0.08809734135866165, 0.6540271043777466
-0.16173319518566132, 0.7565033435821533
0.04056423902511597, -0.04567188397049904
0.3143293857574463, 0.21224379539489746
0.3218446671962738, -0.007952499203383923
-0.2974449396133423, 0.04009854048490524
0.06042179837822914, 0.4211205542087555
-0.06913376599550247, 0.9719839692115784
-0.1293307989835739, 0.5978156328201294
-0.22354921698570251, 0.6800358295440674
0.04640498757362366, 0.5203636884689331
-1.99233078956604, -0.19199617207050323
1.6630531549453735, -0.5277264714241028
0.03364061564207077, 0.5177242159843445
0.12302140891551971, 0.525473415851593
0.2352411299943924, 0.2690788805484772
-0.37871816754341125, 0.5462146401405334
0.4784773290157318, 0.2488086223602295
-0.028980841860175133, 0.587821364402771
0.23450979590415955, -0.19845066964626312
-0.6164372563362122, -0.5630314946174622
0.10947515815496445, 0.3407936692237854
0.10125316679477692, 0.7292067408561707
0.3806900382041931, 0.24618694186210632
-0.02069356106221676, 0.3202400803565979
-0.21155986189842224, 0.8878682255744934
-0.2952864170074463, 0.5193079710006714
0.43183454871177673, 0.17719922959804535
-0.12647654116153717, 0.5066030025482178
0.2020236998796463, 0.42287901043891907
-0.9698323607444763, -0.12783558666706085
-0.3442275822162628, 0.508100152015686
0.6466116309165955, 0.43874794244766235
0.17485210299491882, 0.45941290259361267
-1.4737682342529297, 0.9841293096542358
0.6599125266075134, 0.35185614228248596
0.32603341341018677, 0.6753138303756714
0.22228164970874786, 0.5242752432823181
0.1197914108633995, 0.3771192729473114
0.27565905451774597, -0.033059101551771164
0.23094649612903595, -0.2913241982460022
-0.4617502689361572, 0.3325352966785431
0.14284966886043549, 0.5514159798622131
-0.3705202639102936, 0.13246072828769684
-0.4919557571411133, -0.31790539622306824
1.004459261894226, 0.2882479727268219
0.25089818239212036, 0.5182470083236694
-0.6303130984306335, 0.32583948969841003
0.3312191963195801, -0.03742596134543419
-0.6984151005744934, 0.18144765496253967
-0.568092942237854, -0.052878547459840775
-0.004450510255992413, 0.5226644277572632
-0.2681840658187866, 1.057065725326538
0.21677538752555847, 0.3347201943397522
-0.21052585542201996, 0.5860018730163574
0.47799965739250183, 0.8388685584068298
-0.7047157883644104, 0.37919092178344727
-0.04759130999445915, 0.6150394678115845
-0.32097554206848145, 0.5833892226219177
-0.08792761713266373, 0.7965089082717896
-0.7370288372039795, 0.710587739944458
-0.2812562882900238, 0.6470680236816406
-0.49949824810028076, 0.21152432262897491
-0.9921309947967529, 0.8328467607498169
0.03687239810824394, 0.731990396976471
0.25821349024772644, 1.0356066226959229
0.2575937509536743, -0.26103851199150085
-0.6360296607017517, 0.26787069439888
0.8495379090309143, 0.5993590950965881
0.4704577624797821, 0.6237549185752869
-0.6298561096191406, 0.6523185968399048
-1.1994760036468506, 0.5447965264320374
0.5205152630805969, 0.4247956871986389
0.27791181206703186, 0.5184245705604553
-0.08663788437843323, 0.8884296417236328
-0.003262425074353814, 0.8290185332298279
0.028629420325160027, -0.05539187043905258
0.018352320417761803, -0.36584004759788513
-0.5514399409294128, 0.45133042335510254
0.5347585678100586, -0.012095530517399311
0.2650388479232788, 0.7917715311050415
-0.7324156761169434, -0.16401520371437073
0.16940611600875854, 1.2164376974105835
-0.70267653465271, 1.5796011686325073
0.4154229164123535, 0.7478953003883362
-0.04106747359037399, 0.4566224217414856
0.8011224269866943, -0.8977982401847839
-0.3386995494365692, 0.5150087475776672
0.6607586145401001, 0.8208982348442078
-0.5604023933410645, 0.6734633445739746
0.40001171827316284, 0.5337552428245544
0.28593453764915466, 0.6443116068840027
0.0621706023812294, -0.1885087639093399
-0.20340777933597565, 0.7569749355316162
-1.86203134059906, 0.8551324605941772
0.6075739860534668, 0.22247269749641418
-1.0195845365524292, 0.5006062984466553
-0.11829784512519836, 0.5931064486503601
0.08450326323509216, 1.370440125465393
0.08321016281843185, 0.2209753394126892
-0.17903007566928864, 0.1742478609085083
-0.6381930708885193, 1.401018500328064
0.08469980210065842, 0.3897113502025604
-0.34261974692344666, 0.25460168719291687
-1.0935653448104858, 0.7006217241287231
0.006962072104215622, 0.08393658697605133
0.12024030089378357, 0.982966959476471
-0.462153822183609, 0.3959089517593384
-0.1345933973789215, 0.4684244394302368
-0.03496699780225754, 0.6432964205741882
0.26947924494743347, 0.08372179418802261
0.37456730008125305, 0.26510339975357056
-0.19923171401023865, 0.9794140458106995
0.835641622543335, 0.6447052955627441
-0.28220364451408386, 0.29695039987564087
0.2295503169298172, 1.1422011852264404
0.03688414394855499, -0.6103219985961914
0.7550399303436279, 0.00608869781717658
-0.6934658288955688, -0.6164935827255249
0.14723512530326843, 0.7920806407928467
-0.21512770652770996, 0.8114193677902222
0.5367774367332458, 0.18501684069633484
-0.24537093937397003, 0.5762552618980408
-0.5012839436531067, 0.20911768078804016
0.005384587217122316, 0.4695007801055908
0.2707085609436035, 0.5135384798049927
-1.169265866279602, -0.15188424289226532
0.13037683069705963, 0.6745244264602661
-0.2284928560256958, 0.3496514558792114
-0.27745312452316284, 0.5673152208328247
0.4676704704761505, 0.051452308893203735
-0.32271549105644226, -0.04072742536664009
-0.10135333240032196, 0.6136190891265869
-0.11529460549354553, 0.20104265213012695
-1.1607989072799683, 0.010475502349436283
-0.5564334988594055, -0.19682921469211578
0.20770695805549622, 0.07314059138298035
-0.1014835461974144, 0.4825727939605713
0.9885295033454895, 0.3363981544971466
0.48767465353012085, 0.5229617953300476
-0.2580064535140991, 0.5853216052055359
-0.10866598784923553, 0.9227198958396912
0.07869276404380798, 0.13548026978969574
-0.033042147755622864, 0.12979833781719208
0.11639006435871124, 0.6504243016242981
0.5777546167373657, -0.3984176516532898
-0.31019946932792664, 0.2700657844543457
-0.10530450940132141, 0.17014949023723602
-0.004833628889173269, 0.4115270972251892
-0.5563110113143921, 1.1485568284988403
0.8227738738059998, 0.33978331089019775
-0.34196412563323975, -0.03248017653822899
0.17876043915748596, 0.628652811050415
-0.09282246977090836, 0.947727620601654
-0.195720836520195, 1.853148341178894
0.4536236822605133, 0.02909146621823311
-0.20751842856407166, 0.6182577013969421
0.44977542757987976, -0.958687961101532
-0.14383558928966522, 0.19409015774726868
0.39287611842155457, 0.36480921506881714
0.01675836555659771, 0.7863902449607849
-0.627877414226532, 0.5109104514122009
-0.1671612709760666, 0.658247172832489
0.19478142261505127, 0.8095527291297913
-1.4569246768951416, 1.0073769092559814
0.3594081997871399, 0.3622543215751648
-0.30624955892562866, 0.631232500076294
-0.014222596772015095, 0.6179353594779968
-1.4525108337402344, 1.2860320806503296
-0.147390216588974, 0.5310171842575073
0.7237491607666016, -0.07357729971408844
-0.48515063524246216, -0.5409748554229736
0.265525221824646, 0.06663625687360764
-1.1234614849090576, 0.5333979725837708
-0.860879123210907, 0.9293424487113953
0.17338396608829498, 0.4598109722137451
-0.7693511247634888, 1.0252180099487305
0.20512303709983826, 0.22115465998649597
0.17084942758083344, 1.2114113569259644
0.8241465091705322, 0.7124487161636353
-0.4094872772693634, 0.49730437994003296
-0.8891491889953613, -0.136163592338562
-0.43259039521217346, 0.6971131563186646
0.5244922041893005, 0.02698885276913643
-0.426848441362381, -0.23826666176319122
-0.19833604991436005, 0.3674866557121277
0.32000893354415894, 0.06777006387710571
-0.27706432342529297, 0.5490780472755432
0.009239066392183304, 1.4855587482452393
-0.7538720369338989, -0.4251568615436554
0.5643743872642517, 1.245110273361206
0.2507205307483673, 0.12128376960754395
-1.0677229166030884, 0.5124115943908691
-0.3010496199131012, 0.36464160680770874
-0.12301017343997955, 0.7924014329910278
0.09034138172864914, 0.42115023732185364
-0.42861345410346985, 0.6674966812133789
0.48381367325782776, 0.2836015224456787
-0.058462295681238174, 0.5864568948745728
0.3743170201778412, 0.9047015309333801
-0.10223536193370819, 0.506285548210144
1.6934086084365845, -0.9211399555206299
-0.4870753884315491, 0.29819732904434204
-0.352448970079422, 0.5447425246238708
-0.02559071034193039, 0.7550917863845825
0.7295409440994263, 0.753240704536438
-0.07975023984909058, 0.5008864402770996
-0.23501604795455933, 0.2399640679359436
0.6984811425209045, 0.34517309069633484
-0.2689521908760071, 0.5623732209205627
0.09151202440261841, 0.7935525178909302
-0.5284967422485352, 0.6716373562812805
-0.5575448870658875, 0.19077473878860474
-0.7220316529273987, 0.8386768102645874
-0.706396222114563, 0.9396704435348511
0.3065444231033325, 1.0909289121627808
0.07633007317781448, 0.7121548056602478
-0.41724228858947754, 0.3497898578643799
-0.8540504574775696, 0.14227239787578583
-0.2579972445964813, -0.3652275502681732
0.29192590713500977, 0.11428283154964447
-1.7767809629440308, 1.7137726545333862
0.6168703436851501, 0.8214762210845947
-0.30591917037963867, 0.05048060044646263
-0.12497986108064651, 0.14685502648353577
-0.2369542419910431, 0.3182716965675354
0.38563355803489685, -0.11279565840959549
-0.12822145223617554, 0.07057450711727142
0.5483074188232422, 0.6565501093864441
0.3826698064804077, 0.6921058297157288
0.31726953387260437, 0.7568822503089905
0.2841985821723938, 0.41171994805336
-0.9330688118934631, -0.8207542896270752
-0.8303345441818237, 0.8330097198486328
-0.5021395683288574, 0.6100450158119202
-1.3631207942962646, 0.12942278385162354
-0.4939308762550354, -0.15128065645694733
-1.0901460647583008, -0.012032031081616879
0.5589788556098938, 0.9229404330253601
1.0533074140548706, 0.34436798095703125
-0.8234912753105164, 0.5556995272636414
-0.7599170804023743, 1.4887760877609253
-0.16520698368549347, -0.8133046627044678
-0.8638023734092712, -0.6196889877319336
-0.24056479334831238, 0.3120408058166504
-0.3080378472805023, 0.3160323202610016
-0.18475648760795593, 0.20400117337703705
0.12121094763278961, -0.0710219070315361
-0.4715893566608429, 0.9716984033584595
-0.15195699036121368, 0.2134888470172882
0.5002049207687378, -0.11410060524940491
0.019678598269820213, 0.2768544852733612
0.015657559037208557, 0.6078353524208069
-0.23890294134616852, 0.11802531778812408
0.1148407980799675, 1.1024479866027832
0.5604961514472961, 0.2829299867153168
-0.11397328972816467, 1.2935711145401
0.25139111280441284, 0.2377510815858841
-0.4961831271648407, 0.8858749866485596
-0.3898063600063324, -0.432175874710083
-0.05273735150694847, -0.11942872405052185
-0.34417328238487244, 0.7452192902565002
-0.5828412771224976, 0.20977787673473358
-0.7333735227584839, 0.7814068794250488
0.39765167236328125, -0.27629438042640686
-0.08634886145591736, 0.5420089960098267
-0.9083980321884155, 0.4303944706916809
0.3935368061065674, 0.5119948387145996
-0.26112478971481323, 0.4651648700237274
0.08862993121147156, 0.7822408080101013
0.10329239815473557, 0.1799878180027008
-0.3507259488105774, 1.115188717842102
0.2733360230922699, -0.010624711401760578
-0.2836855947971344, 0.5554381012916565
-0.491661012172699, 1.1164733171463013
-0.5003591179847717, 0.2964046895503998
-0.34004390239715576, 0.020873257890343666
0.3790017068386078, 0.2530895173549652
-0.7914791107177734, 0.10969037562608719
-0.10164850205183029, -0.13727739453315735
-0.47244906425476074, -0.0722402036190033
-0.25327736139297485, -0.30444997549057007
-0.14959411323070526, 0.20222005248069763
-0.42635655403137207, 0.20749327540397644
-0.38396963477134705, -0.06606186926364899
0.5206789374351501, -0.021767690777778625
0.37042075395584106, 0.8843699097633362
-0.2725841701030731, 0.0292827058583498
-0.2227119654417038, 0.6289007067680359
-0.3239182233810425, 0.581200897693634
0.235687255859375, 0.15973782539367676
0.4245910048484802, 0.40299615263938904
-0.5551863312721252, 0.33241960406303406
0.025901980698108673, 0.1324385553598404
-0.9697890877723694, 0.6958180665969849
-0.22849079966545105, 1.003459095954895
0.5554713606834412, 0.14464212954044342
0.39984914660453796, 0.9054787158966064
0.7195993065834045, 0.6277137994766235
-0.20073390007019043, 0.9105094075202942
0.2975277602672577, 0.5936661958694458
0.9586645364761353, 0.6939905881881714
0.3798591196537018, -0.589667558670044
0.26206672191619873, 0.19923198223114014
-0.3435481786727905, 0.5172730684280396
-0.38246792554855347, 1.2181190252304077
-0.5129579305648804, 0.164154514670372
-0.5654749870300293, 0.33787548542022705
-0.8029975295066833, 0.9391599893569946
0.12389583140611649, 0.16094356775283813
0.4226524233818054, 0.4213886559009552
1.1254905462265015, 0.3819345533847809
-0.019052356481552124, 1.2384934425354004
0.18065513670444489, 0.4500328004360199
-0.2778834104537964, 0.5789321660995483
-0.4266383647918701, 0.5631107091903687
-0.2833629250526428, -0.11145401746034622
0.1624063402414322, 0.4030363857746124
0.027327651157975197, -0.45181170105934143
-0.9954540133476257, -0.8300201892852783
0.9484813213348389, 1.2588268518447876
0.4456658959388733, 0.4892411231994629
0.3005841076374054, 0.6783658266067505
-0.11125455051660538, 0.28428351879119873
0.19229334592819214, 0.47317638993263245
0.3094741106033325, 0.5276105403900146
-0.4816303551197052, -0.6016145944595337
-0.09620726853609085, 1.852505087852478
0.0872097983956337, 0.8899264931678772
-1.2119860649108887, 0.4101932644844055
-0.07026325166225433, 0.4765370190143585
0.050036247819662094, 0.7312710285186768
-0.35304364562034607, 0.1815841794013977
-0.4777628481388092, 0.44164252281188965
-0.4590718448162079, 2.0504848957061768
0.45645976066589355, 0.7167308330535889
-0.15554365515708923, 0.2813205122947693
0.17826297879219055, 0.5563724637031555
-0.08864942938089371, 0.19599665701389313
-2.277294158935547, 2.6145594120025635
-0.02446863427758217, 0.6879433989524841
1.0133841037750244, 0.3009757697582245
-0.5731468200683594, 0.28772321343421936
-0.04846949875354767, 0.4036412835121155
-0.22664980590343475, 0.44949182868003845
0.3245798647403717, 0.5846166610717773
-0.3693462610244751, 0.47553378343582153
-0.06023596599698067, 0.7063480615615845
-0.2217453271150589, -0.23534439504146576
-1.1417313814163208, 0.6046777367591858
-1.2221002578735352, 0.6868118643760681
0.13644656538963318, 0.13061252236366272
0.2679741680622101, 0.2218826413154602
-0.5491821765899658, -0.04255909472703934
0.06263222545385361, 0.493705689907074
0.10682179778814316, 0.34333768486976624
0.7200568318367004, 0.7402216196060181
0.269975483417511, -0.3250043988227844
-0.6149824261665344, 0.4713188409805298
-0.47370195388793945, 0.534255862236023
-0.6863774657249451, 0.18923527002334595
-0.1493072509765625, 1.0207538604736328
-0.352079302072525, 0.15470212697982788
-0.39661213755607605, -0.49896517395973206
-0.2831697463989258, 0.4626389741897583
-0.16982045769691467, 0.48786792159080505
-0.5238521695137024, 0.9160920977592468
-0.9153839945793152, 0.36470216512680054
0.11918208003044128, -0.7875054478645325
0.6469854116439819, -0.21794627606868744
-0.12102489173412323, 0.5846039652824402
0.2262050211429596, 0.9621511697769165
-0.3087431788444519, 0.37122151255607605
0.0972871258854866, 0.6868138313293457
-0.597359299659729, -0.2423374503850937
0.41119593381881714, 0.5752870440483093
-0.5162933468818665, 0.07915166020393372
-0.6359537243843079, 0.5417070984840393
-1.0618624687194824, 0.25535404682159424
0.49628353118896484, -0.6434434652328491
-0.06519197672605515, 0.3278193473815918
-0.1715843826532364, 1.4455454349517822
0.10057264566421509, 0.7264006733894348
-0.3144741356372833, 0.34113237261772156
-0.8350068926811218, 0.22530923783779144
0.08575065433979034, 0.5435122847557068
-0.3125002086162567, 1.581615686416626
0.7266076803207397, 0.6190677285194397
0.06755053251981735, 0.37822362780570984
-0.2772365212440491, 0.4639647901058197
-0.04383041337132454, 0.5231995582580566
-0.18425436317920685, 0.14701923727989197
-0.11409677565097809, 1.499324917793274
-0.21394644677639008, 0.1437491774559021
0.3243003785610199, 0.6986702680587769
0.044256024062633514, -0.24156291782855988
0.185073584318161, 0.6503612995147705
-0.13401482999324799, 1.0806200504302979
-0.1761671006679535, 0.7554811835289001
-0.11004707217216492, 1.7322564125061035
-1.4226455688476562, 1.610979676246643
-0.26093846559524536, -0.24436095356941223
1.0611730813980103, -0.16476327180862427
-1.1704504489898682, 1.3771848678588867
-0.8476543426513672, 0.36473479866981506
0.454674631357193, 1.3251376152038574
-1.0768582820892334, 1.023301124572754
-0.19082781672477722, 0.32515567541122437
0.35977235436439514, -0.11791050434112549
0.4258441627025604, -0.031134391203522682
0.5364763736724854, 0.0887838825583458
-2.0095670223236084, 1.0603461265563965
-0.05615793168544769, -0.07478000223636627
0.18585756421089172, 0.7213009595870972
-0.2855871915817261, 0.2303517609834671
1.0069952011108398, 0.036741308867931366
0.44164860248565674, 0.7839568853378296
-0.046059247106313705, 0.47354310750961304
-0.6017507910728455, -0.039796940982341766
-0.17981770634651184, -0.07019709795713425
0.1398596614599228, -0.3144380748271942
-0.5452137589454651, 0.4768133759498596
-0.19518177211284637, -0.1840168982744217
0.214486762881279, 0.43540158867836
-0.30091461539268494, 0.022034332156181335
1.8127845525741577, -0.030332129448652267
0.5938583612442017, 0.539735734462738
-0.23677803575992584, 0.6830223798751831
-0.04210968315601349, 0.03730481490492821
0.19186057150363922, 0.29255470633506775
0.23197168111801147, 0.44695642590522766
0.16343455016613007, 0.42692825198173523
-1.4868360757827759, 1.518123984336853
-0.9026739597320557, 0.15095534920692444
0.25796687602996826, 0.20003557205200195
-1.2050890922546387, -0.035145603120326996
-1.0579622983932495, 1.8221244812011719
0.4025145173072815, 0.6467148065567017
-0.7736385464668274, 0.43441641330718994
0.41714537143707275, -0.35008952021598816
0.03819042444229126, 0.36381566524505615
0.07771927118301392, 1.0002343654632568
-0.6805101037025452, 0.3061428666114807
0.20744146406650543, 0.933377206325531
0.17794100940227509, -0.383120596408844
-0.06056426465511322, 0.20581869781017303
0.2231052815914154, 0.280781626701355
0.03413701057434082, 1.0187230110168457
-0.8519102931022644, 0.46789073944091797
-0.4881431460380554, 0.10311879962682724
0.6872069239616394, 0.6387546062469482
-0.6501650810241699, 0.09959057718515396
-0.4376015365123749, 0.301496297121048
0.5125609636306763, 0.0030075865797698498
-0.9047660827636719, 0.4903557002544403
-0.2603379487991333, 0.05850145220756531
-0.6373748183250427, 1.1460965871810913
-0.2538945972919464, 0.48841243982315063
-0.3624807596206665, 0.7982354760169983
-0.46602198481559753, -0.8624339699745178
0.14191970229148865, 0.8776714205741882
0.6926813721656799, -1.2764722108840942
0.008284338749945164, -0.6774715781211853
0.015175781212747097, 1.394879698753357
-0.4571305811405182, 0.20287813246250153
0.326307475566864, -0.2599354684352875
1.0553454160690308, 0.7602198123931885
0.9653039574623108, 0.27169984579086304
-0.38015735149383545, 0.3743295967578888
-1.870780110359192, 1.8830198049545288
0.0370175801217556, 0.909672200679779
-0.060993295162916183, 0.3653436303138733
0.9589859843254089, 0.9905405640602112
-0.28925973176956177, 1.2427157163619995
0.5186625123023987, 0.7390113472938538
-0.6850528717041016, 0.6843789219856262
0.09928751736879349, 0.17959345877170563
-0.09238869696855545, 0.8751563429832458
0.3737639784812927, 0.08216862380504608
-0.6321325898170471, 0.3278822898864746
-0.37413930892944336, 0.46273064613342285
0.07994653284549713, -0.03524136543273926
1.0603299140930176, 0.06731066107749939
-0.09853046387434006, 0.5341629385948181
-0.6152459383010864, 0.46359559893608093
-1.1106748580932617, -0.7376412749290466
-0.22275426983833313, 0.5937071442604065
-0.08920459449291229, 0.441945880651474
0.14710089564323425, 0.5520586371421814
-1.4399302005767822, -0.6183999180793762
-1.4730188846588135, -0.3408089280128479
-0.6048916578292847, 0.01218812633305788
-0.15879319608211517, 1.4239330291748047
0.12839341163635254, 0.6617332696914673
-0.7980098724365234, 0.39173394441604614
1.6492904424667358, 0.1418032944202423
0.12850551307201385, 0.31925782561302185
0.10293806344270706, 0.5873044729232788
0.5140838027000427, -0.5006913542747498
-0.9090642333030701, 0.6468231678009033
0.002281210385262966, 0.8857658505439758
-1.280781865119934, 1.1623600721359253
-0.24779245257377625, 0.5382859110832214
0.6541993618011475, 0.08241777122020721
-0.02092645689845085, 0.5032817125320435
0.7094053626060486, 0.7271369695663452
0.22970040142536163, -0.2102116197347641
-1.6705539226531982, 0.4943130612373352
0.3017251491546631, 0.4219553768634796
-0.7429528832435608, -0.024976424872875214
-0.6378913521766663, -0.11986297369003296
-0.034480344504117966, 1.1919386386871338
-0.5625537037849426, 0.13825634121894836
0.06053602322936058, -0.10348663479089737
-0.4235621988773346, 0.47624656558036804
-0.5461565256118774, 0.8224426507949829
-0.497280478477478, 0.6543618440628052
-0.6648725867271423, 0.18166959285736084
-0.396378755569458, 0.3985976576805115
-0.05725887417793274, 0.8179085850715637
-0.03835448622703552, 0.21490533649921417
-0.7932397723197937, -0.1264716386795044
-0.3164781630039215, 0.4968389570713043
0.16771602630615234, 0.10954543948173523
0.47047024965286255, 0.4948067367076874
0.19273488223552704, 0.5787162184715271
-0.8873622417449951, 0.08242455124855042
-0.19896303117275238, -0.2088616043329239
-0.38839012384414673, -0.17410677671432495
0.7340311408042908, 0.008617185056209564
-0.6874668002128601, 0.9706786274909973
-0.4107835590839386, 0.33295750617980957
-0.6532167792320251, -0.12636831402778625
0.7568238377571106, 1.1021816730499268
-0.5625373721122742, 0.46387264132499695
0.45295217633247375, 0.6506800055503845
-0.06095367297530174, 0.6671081185340881
-0.7025531530380249, 0.2440159171819687
-0.12651866674423218, 1.2997729778289795
-0.3251636028289795, 0.30468058586120605
-0.7939341068267822, 0.7526341676712036
0.06133165583014488, -0.5543655157089233
-0.9364280104637146, -0.3949107527732849
-0.2800264060497284, 0.12824669480323792
0.0035154123324900866, 0.03130246326327324
-0.3439270257949829, 1.213398814201355
-1.0782352685928345, -0.34140169620513916
-0.07719460874795914, -0.3409702777862549
0.2711981236934662, 1.2740265130996704
0.48453086614608765, 1.0573031902313232
-0.04667108878493309, 0.7997404336929321
-0.4244515299797058, 0.875778317451477
0.23695266246795654, 0.4494853615760803
0.3971899151802063, 0.32784491777420044
-0.41629093885421753, 0.398995965719223
-1.058695912361145, 0.17307333648204803
-0.08213696628808975, -0.3707068860530853
-0.055990129709243774, 0.5850419998168945
0.04604779928922653, 0.7236726880073547
0.06769553571939468, 0.8985674977302551
-0.7867688536643982, 1.1062617301940918
-0.3143017590045929, -0.38006776571273804
-0.7516661286354065, 1.2033005952835083
0.12941421568393707, 1.2544140815734863
0.1043224111199379, 0.38616254925727844
-0.4590669572353363, 0.5056601166725159
-0.5708531737327576, 1.0474811792373657
-0.6461694836616516, 1.1328920125961304
0.15161898732185364, 0.30608513951301575
-0.44058504700660706, 0.7888084053993225
0.06447547674179077, 0.4311651289463043
-0.8398213982582092, 1.0842103958129883
1.3909800052642822, -0.23570822179317474
-0.35059165954589844, -0.11911572515964508
0.26364773511886597, 0.259311705827713
0.14589084684848785, -0.49605050683021545
-0.10613544285297394, 0.6242324113845825
-0.7761437296867371, 0.8721685409545898
-0.3685324192047119, 1.3404279947280884
-0.2801794111728668, 0.42216476798057556
-1.2567347288131714, 1.1273788213729858
-0.20645226538181305, 0.4539144039154053
-0.055373240262269974, 0.2499452829360962
-0.785392701625824, -0.1391996145248413
0.3301766812801361, 0.6902137994766235
0.31596747040748596, 0.21718649566173553
0.3574206829071045, -0.16673095524311066
1.0539073944091797, -0.4478478729724884
0.31764256954193115, 0.6974253058433533
0.4575536251068115, -0.4979449510574341
0.03136078640818596, 0.19780093431472778
-0.14946693181991577, 0.6088080406188965
-0.11230218410491943, 0.4456084668636322
-0.3562605381011963, 0.634999692440033
0.12301937490701675, 0.03143845126032829
1.173205018043518, 0.8198360204696655
-0.3450818955898285, 0.2647356688976288
0.2995552718639374, 0.5968426465988159
1.0301133394241333, 0.3951561152935028
1.1526057720184326, -0.24241013824939728
0.15162791311740875, 0.6355234980583191
-0.3565887212753296, 0.09716138243675232
-1.3443552255630493, 0.17554441094398499
-1.8695087432861328, -0.18613576889038086
0.11698019504547119, 0.6124558448791504
0.4361846148967743, 0.6032267212867737
0.004951386712491512, 0.9038347601890564
0.02411755919456482, 0.217886283993721
0.3647499680519104, 0.511520266532898
0.09389925748109818, 0.7099049091339111
-0.03503077104687691, 0.57204270362854
-0.49050673842430115, 0.4817764163017273
-0.46743834018707275, 0.23030318319797516
0.28294041752815247, 0.5328623652458191
0.44740813970565796, 1.0377427339553833
-0.043537478893995285, -0.163971409201622
0.3812558352947235, 0.030774185433983803
-0.2569984495639801, -0.9582688808441162
0.033575017005205154, 0.06717076152563095
-0.009207609109580517, 0.4657613933086395
0.40564095973968506, 0.4071858525276184
-0.2574126422405243, 1.1622281074523926
-0.0716206431388855, 0.5243551135063171
-0.269733190536499, 0.09972121566534042
0.10389766842126846, 0.411698579788208
0.6655200719833374, 1.1674667596817017
-0.10226629674434662, 0.31583714485168457
-0.720059871673584, -0.11066105961799622
0.24796351790428162, 0.43774721026420593
-0.2642778754234314, 0.12946556508541107
0.3058996796607971, 0.9198942184448242
-1.3162111043930054, -0.3827783763408661
-0.7874728441238403, 0.26320210099220276
0.5291763544082642, 0.03412927687168121
-0.5624828338623047, 0.4967575669288635
-0.20752890408039093, 0.7641062140464783
-0.04151652008295059, 0.5871990919113159
-0.5974277853965759, 0.06829492747783661
-0.4117357134819031, 0.5504303574562073
0.09057836979627609, 0.31586018204689026
0.2763802409172058, 0.3772861063480377
-0.15581455826759338, 1.274001955986023
-0.11659640818834305, 1.156339406967163
0.14677174389362335, -0.13431572914123535
-1.307519793510437, -0.44360172748565674
0.9235333204269409, -0.3602362871170044
0.5021793842315674, 0.2135617882013321
0.1359362155199051, 1.7923518419265747
0.28644058108329773, 0.7378309965133667
-0.04271288961172104, 0.32703471183776855
0.33798131346702576, -0.33252274990081787
-0.7534064650535583, -0.267597496509552
-0.4157509207725525, 0.6984004378318787
0.27906766533851624, 0.35101693868637085
-0.6999567747116089, 0.7739166617393494
0.09321047365665436, -0.35255423188209534
0.1302831470966339, 0.45785948634147644
-0.5786272287368774, 0.7982808947563171
1.1716707944869995, -0.42667925357818604
0.11965899914503098, 0.021140579134225845
0.1770620346069336, 0.7294360995292664
-0.31210997700691223, 0.6549728512763977
0.025211269035935402, 0.6435059309005737
0.2145647257566452, 0.27152159810066223
-0.5588823556900024, 0.632676899433136
-0.21639518439769745, 0.22467151284217834
0.33568668365478516, 0.5529953241348267
-1.4422510862350464, 1.7488982677459717
0.3947489857673645, 0.40223294496536255
-1.0758188962936401, 0.9554017186164856
-0.21379594504833221, 0.728390634059906
-0.016375411301851273, 0.9911324381828308
-0.4101954400539398, 0.31034576892852783
0.680843710899353, 0.21866965293884277
