-0.3438161313533783, 0.3801836669445038
-1.4549642279744148, 0.3418036140501499
0.030664928257465363, 0.5546228140592575
3.311277538537979, -3.2171758264303207
-0.15723896026611328, 0.5322524309158325
-1.6343977600336075, -0.7076700776815414
-2.3245312869548798, -1.1613741740584373
-0.12543850392103195, -0.936610447242856
0.38767118752002716, -1.6239647567272186
-1.2620091885328293, -0.11551758646965027
-0.7645754888653755, 0.27116639632731676
-1.1129505783319473, 2.06463959813118
-1.4206055700778961, -0.9831548035144806
-0.5075867474079132, 0.009562432765960693
-0.45958420634269714, 2.1300308406352997
-2.278027206659317, 1.4589884579181671
-2.1689209938049316, 1.1866782754659653
-0.1280878484249115, 0.17197666526772082
-1.1818871591240168, 1.163783699274063
0.13063007593154907, -0.17911244928836823
-0.993229553103447, -0.4501645863056183
-2.4139188835397363, 0.13609358668327332
-0.6621292531490326, 0.34326958656311035
-0.817781001329422, 1.4071224629878998
-0.838669503107667, 1.3156836032867432
-0.8236831966787577, -0.480361744761467
-2.236905962228775, 1.4170932173728943
-0.41106320917606354, 0.7427570819854736
-1.550418883562088, 0.47566111385822296
-1.0967658013105392, 1.7697863727807999
-0.17467844486236572, -2.7228057757019997
0.13462881743907928, 1.0215066075325012
-1.531009092926979, -0.9452477246522903
-0.33701859414577484, -1.60714902728796
-2.5280966758728027, 1.8404652327299118
-1.3700489401817322, -0.6276751756668091
-1.7896509170532227, 2.5264784693717957
-2.9728373885154724, -0.22854384779930115
-2.7376748342067003, -0.047941654920578
-0.6250267401337624, 1.6305143982172012
-1.9767585396766663, -2.6764720156788826
-2.0740674678236246, -0.3864883556962013
-0.4516826141625643, 1.114182397723198
-0.9127239244990051, -0.6266153305768967
0.54279425740242, 0.38656334578990936
-4.378331571817398, 0.05003495141863823
0.05649329721927643, 1.028931550681591
-3.338770315051079, -0.9125607162714005
-0.0035897046327590942, 0.01248619332909584
-0.9672498553991318, 4.917128384113312
1.9936861544847488, -1.976921521127224
-1.3859541863203049, 0.23460733145475388
-0.17574725300073624, 2.0560430586338043
-2.382127333432436, 3.334175355732441
-0.12860941886901855, -6.726874455809593
-0.6939405500888824, -0.3180583082139492
-0.609669141471386, 0.4923577904701233
0.9157965460326523, -0.9725681394338608
-0.6351308822631836, -0.19456562399864197
-1.1865180730819702, -0.00707089900970459
-2.1155479550361633, 3.2629138231277466
-1.5016812831163406, -0.7958652339875698
-0.013353899121284485, 0.5391607508063316
-1.023595804348588, -0.6166648864746094
-1.906495600938797, 1.5584800764918327
-0.933190830051899, 1.1824934482574463
-0.5810838714241982, 0.8438206389546394
1.372880682349205, -0.2787676006555557
-1.5145197361707687, 0.0884270966053009
-1.300724357366562, -0.6128729041665792
0.6257778108119965, 0.4506922084838152
-1.063669703900814, 2.502361036837101
-1.159609992057085, -0.9699723199009895
-0.7618324086070061, 1.3670953512191772
-0.774232242256403, 1.2851246614009142
-0.44682226702570915, 0.5014539510011673
-1.5714823454618454, 0.7139236032962799
-0.3648690730333328, 0.5079198963940144
-0.7563474178314209, -0.48833282478153706
-2.1636551916599274, 0.5802559107542038
-2.274736374616623, -1.2880214005708694
-2.1962351500988007, 0.5737946182489395
-2.3788904547691345, 0.03060859441757202
-2.577595755457878, 0.6209579296410084
-1.4706743657588959, -0.177304208278656
-2.059792935848236, 0.3385446257889271
-1.4186031967401505, -0.35673409467563033
-2.3504080027341843, 0.9750281795859337
-0.7628943361341953, -1.2292929589748383
-1.6345157697796822, -0.7274764776229858
-0.2778313457965851, 0.32643210887908936
-1.297291211783886, 0.3352988287806511
-2.496224720031023, -1.5775937139987946
-1.1994135975837708, -0.007250726222991943
-1.8909758925437927, 0.9384510964155197
-0.5094965994358063, 1.4107059836387634
-2.179262638092041, -2.6468516886234283
1.7710954248905182, -1.9370093941688538
-0.5620109960436821, 0.9351140856742859
-1.0971391648054123, -0.07452195882797241
-0.3526216298341751, 0.8878126591444016
-1.1165525317192078, -0.08963480591773987
-0.18516657501459122, 2.2204582393169403
0.05946219724137336, -0.4598063137382269
-1.1663536978885531, 0.0809478759765625
-1.5008039325475693, -0.47142157703638077
0.24429257214069366, 1.9791827388107777
-1.9545952677726746, 0.16228659451007843
-0.8638046681880951, 0.6936179101467133
-1.2949494123458862, 1.5410597622394562
1.7400387078523636, 0.2438603937625885
-1.7437968663871288, 1.2682216167449951
-1.445064403116703, 0.7998263537883759
-0.1399356722831726, -1.4056027457118034
0.30212827026844025, -2.51502850279212
-1.719734862446785, -0.052726391702890396
-0.769288957118988, 0.2599003314971924
-0.905125617980957, -0.5022840648889542
-1.1879329234361649, -0.2952115684747696
-4.524439532309771, 2.2263286262750626
-0.5369420051574707, -1.2259263768792152
-1.4516926147043705, -0.08496406674385071
-1.8633968234062195, 0.2710784375667572
1.0879999250173569, 0.9329130202531815
-3.554584711790085, -1.0757105946540833
-2.648139461874962, 2.700244292616844
-0.6927836537361145, -4.222172766923904
-1.0092318058013916, 0.6345870643854141
-0.3510756194591522, 3.0524685084819794
-1.8636481761932373, 0.5476425215601921
-1.4365250691771507, 2.1137075424194336
-0.12378428131341934, -1.0851529501378536
-2.120827317237854, 0.7857637405395508
-1.4834225252270699, -1.1733815968036652
-0.5244017690420151, -0.25648273527622223
-0.8797762840986252, 1.7246414422988892
-0.522503525018692, 0.18090206384658813
-1.2799238413572311, 1.7698908597230911
-1.3153655901551247, 1.4797850251197815
-2.233713671565056, -1.522742435336113
0.3708600401878357, -0.41114131547510624
-2.289699502289295, -2.552515223622322
-0.5489662885665894, -2.6759095191955566
-0.5094106942415237, 0.0763883888721466
-0.3976169228553772, -0.21826395392417908
-2.3019577711820602, -0.24006382375955582
-2.591551709920168, 1.1240658829919994
0.24763956665992737, 0.19171921908855438
0.40545812249183655, -0.214325912296772
-2.0575954020023346, -2.1853474527597427
-1.0826480574905872, -0.8203977942466736
-0.5817913711071014, 0.9548058062791824
0.05069005489349365, 5.249390244483948
-1.760572724044323, -1.6138912588357925
-0.9869282990694046, 1.0795046985149384
-0.9687813594937325, -0.7290317350998521
-0.7886476069688797, 1.5513961017131805
-1.4014291167259216, -0.3054645135998726
0.06533292680978775, 1.2138302214443684
-0.05250421166419983, 1.3407014592085034
0.7725830189883709, 3.868706852197647
1.106833055615425, -0.3406629264354706
-0.15891402959823608, -0.5314917825162411
-2.694093942642212, 0.8674676418304443
-0.006885543465614319, -1.6998804956674576
1.776531457901001, 3.1028368771076202
-2.501622635871172, 0.16778328269720078
-0.6095084846019745, 2.1200686395168304
-2.8308354914188385, 1.1986127197742462
-4.581523835659027, -0.7114750742912292
-0.9523453563451767, -0.02902485430240631
1.292883113026619, -0.7752885222434998
-1.1384810209274292, 0.7345994263887405
-0.5321099366992712, 1.8475282937288284
-3.6508002132177353, 0.549161471426487
0.06652972847223282, 1.4225038886070251
-0.7479991763830185, 0.1295222043991089
-1.5774943865835667, -0.4307856559753418
1.9289551377296448, -0.04782339930534363
-1.841644138097763, 2.5956935584545135
-0.48095166124403477, 0.565846792422235
-3.472214601933956, -0.8334592618048191
-2.171933591365814, -0.07948663830757141
-1.0704019367694855, 0.5115370154380798
-0.19006440043449402, 1.1588450074195862
-2.699596554040909, -0.6391000747680664
-1.7974933385849, 1.049823321402073
-1.2300885915756226, 0.9865276366472244
-2.254309728741646, -0.6135220043361187
-0.8726951330900192, -0.2583909258246422
-0.824787744320929, -0.41999444365501404
1.5281117856502533, -0.23876730725169182
-1.5252035856246948, 1.402583665214479
-0.7191299796104431, -0.19141459465026855
-1.6140868943184614, 0.15795539692044258
-1.984853744506836, 0.9505208116024733
-1.444739192724228, -0.8311183601617813
-1.9330163970589638, -0.8728654235601425
-1.793877124786377, -2.3410191386938095
-1.8950079083442688, -0.03576183319091797
-0.29611535370349884, -0.8113676160573959
1.854512020945549, 0.8955580294132233
-1.754644900560379, -0.3495228961110115
-1.4094929285347462, 3.4327577650547028
-2.6815498769283295, 0.9292897880077362
0.32552674412727356, 0.8372823745012283
-1.2635172605514526, 0.9166065752506256
-4.354777038097382, -0.9183516949415207
-2.179370790719986, -1.063455980271101
-1.3049558475613594, 0.21255972981452942
-3.0337549448013306, 3.0293001383543015
-0.6125437766313553, -1.006088763475418
-1.1712932400405407, -0.7677833884954453
-1.4699715971946716, 1.3698333203792572
-1.9338991418480873, -1.079636424779892
-0.2733353110961616, -0.2372213900089264
-1.8803090453147888, -1.588788017630577
-0.17923835664987564, -0.5457130447030067
-3.9189569652080536, 0.5474937707185745
-4.255521766841412, 5.978793203830719
-0.4393610805273056, 0.8682563751935959
-0.33966805785894394, -0.6030645295977592
-2.48030636459589, -0.4166225492954254
-1.6480758413672447, 1.0261287800967693
-0.7769048735499382, 0.033214032649993896
0.8138503208756447, -0.309445358812809
0.23134733457118273, 0.3349172859452665
-2.222778409719467, 2.1407981142401695
-3.1149344593286514, 2.184234891086817
-1.6150373369455338, 1.1808020863682032
-1.520898699760437, 1.266013279557228
-1.6145686879754066, -0.010345157235860825
-1.8708356022834778, 2.161713808774948
-1.4306949600577354, 0.09210055135190487
-0.8159262165427208, 0.023465245962142944
-1.9139090701937675, 1.4615115970373154
-1.5736724063754082, 0.40569691359996796
-2.2871906608343124, 1.8937191516160965
-0.0806708075106144, -0.07492723502218723
-1.0378136448562145, 0.350920632481575
-2.868067651987076, -0.37906643375754356
-1.3156131505966187, 1.4390355497598648
-1.068342849612236, -0.14394452795386314
-1.0419149100780487, -0.022845558822155
1.2339357435703278, 0.38820022344589233
0.05956171452999115, 0.9096017926931381
-3.4696741923689842, 0.6151054501533508
-1.6787745747715235, 2.4796866215765476
-0.7422450184822083, 0.4696571081876755
-1.0674364566802979, 0.554679274559021
-1.7618034854531288, 0.7043021991848946
1.1390458731912076, 0.09500434994697571
-2.41577822715044, 1.0136836171150208
-1.7114409916102886, -0.5754611007869244
-1.2838905495591462, 0.2528966963291168
-1.2184886187314987, 0.8093002215027809
-0.3102369010448456, 1.1753803193569183
-4.277573715895414, -0.7238584160804749
-2.654697224497795, 0.47178617119789124
-1.8614819794893265, -3.3201223611831665
0.8162962198257446, 0.44433496706187725
-1.5330402553081512, 0.9161548065021634
-2.3295018076896667, 0.45477233827114105
-2.1262862980365753, -0.0659879595041275
1.7900898456573486, 2.604816883802414
-2.0887373238801956, -0.5905333757400513
-0.629121832549572, -0.22445377707481384
-0.6664544492959976, -0.22160905599594116
-0.018006369471549988, -0.6572810262441635
-2.558331936597824, 1.2120631039142609
-1.5173106789588928, 0.1777983047068119
-0.4135318994522095, 0.18884336948394775
-1.5907218754291534, 0.9780305922031403
-1.5104664862155914, -0.05766499042510986
-0.6170548796653748, 0.059273749589920044
-0.9077215695288032, -0.2750658392906189
0.8921356052160263, 1.0968352481722832
-2.844617639668286, -0.9579438120126724
-1.4631599858403206, 1.1041200459003448
-0.5113945351913571, 2.2551475167274475
-2.361512817442417, 3.6232464611530304
-1.6924751014448702, 2.9537699073553085
-1.4489974826574326, 0.3165983557701111
-0.7878150679171085, -0.7012392953038216
-1.1502316445112228, 2.68681463599205
-2.8835074906237423, 1.059618465602398
-1.0306833926588297, 1.4400822557508945
0.45781348273158073, -0.055709123611450195
0.7539070658385754, -0.8165037035942078
-1.9052777588367462, -0.5835087448358536
-0.9099986851215363, 0.10853055119514465
-1.4244075417518616, 0.12633344531059265
-0.9909539222717285, -1.0292269065976143
-0.8510416001081467, 0.3399343663477339
-1.2042235806584358, 1.1132467091083527
-0.8091471344232559, -0.7955330070108175
0.2480078935623169, 1.2115447670221329
-0.9760183766484261, 1.1951831430196762
-1.48099879687652, 0.6036855280399323
-3.309841137379408, 3.8386090993881226
-1.3857529200613499, 0.6478170901536942
0.30694302916526794, 0.737224817276001
-1.1288836784660816, -0.6645194292068481
1.4885531477630138, -0.2036118507385254
-0.9972848892211914, 0.8099709749221802
-0.8920301496982574, -1.7670762613415718
0.23617912083864212, -0.010391518473625183
-0.9045463670045137, -0.3951973617076874
-0.28090670704841614, -0.9157147631049156
-3.362462978810072, 1.0756116658449173
-1.1553276628255844, 0.06408564746379852
-1.2831791788339615, 0.4317028224468231
-2.2844835817813873, -1.0446283519268036
-1.3287409245967865, 0.41514289379119873
0.14277319610118866, -0.7295960187911987
-2.350739926099777, 2.4663958847522736
-3.354091512039304, 1.8293243260122836
-1.0880128145217896, 1.1840331852436066
-1.4312926828861237, -0.1938330978155136
-1.4495580047369003, 0.21848572045564651
-1.4527481347322464, 0.5562077015638351
-0.7037264350801706, -0.7733602598309517
-0.8535695225000381, 0.3379802256822586
-1.3089663311839104, 2.0454653203487396
-1.8039418160915375, -0.09168173000216484
-2.9223850071430206, -0.051069575594738126
-0.9115683436393738, -0.7291621640324593
-1.1166479954845272, -0.6337074637413025
-0.6634413274005055, 0.01026424765586853
-0.926173061132431, -0.08081012219190598
1.0382730439305305, -0.5000155866146088
-1.0814523458248004, -0.2533613219857216
-1.4943378120660782, 0.7688140273094177
-0.5809371247887611, 0.10053128004074097
-5.12298484146595, 1.1373910307884216
-0.8285728991031647, 1.4581203907728195
-5.125070869922638, 1.5246895551681519
-1.1100428700447083, -0.19975480437278748
-0.6616523563861847, -0.44084063172340393
-3.851755902171135, 3.384008437395096
-2.8539506383240223, 3.3182657323777676
0.12244482338428497, -1.5644654482603073
-0.9446406848728657, -0.6382434666156769
-1.0426846779882908, -0.24609072506427765
-0.9900077674537897, 1.119890671223402
-1.6896835714578629, -0.23365526646375656
-1.2477185428142548, 0.29072344303131104
-0.5477654933929443, 0.6745038805674994
-0.2945590354502201, 0.680255264043808
-1.0298466235399246, -0.4217213178053498
-3.2973730862140656, -0.9808660298585892
-1.102025419473648, -0.4415258765220642
0.9534427970647812, -0.5202646553516388
-0.8604080379009247, -0.19587785308249295
-1.093383401632309, 2.848272532224655
-1.6360955480486155, -2.525651842355728
-1.8430515825748444, 1.994701623916626
-1.296855429187417, 2.658861830830574
-2.2034130543470383, -0.7600100166164339
-1.0736865103244781, 0.13432041928172112
-1.7385160898265895, 0.1972896009683609
1.0504646003246307, -3.661283455789089
-0.16800354118458927, 0.8741118311882019
-2.8548054322600365, 2.614695727825165
-0.11231127381324768, 0.8577463030815125
-0.5862827077507973, 1.3549138903617859
-0.6107692942023277, 0.446748822927475
0.11283612251281738, 0.3236382007598877
-0.8456636071205139, 1.9631891250610352
-2.559492187574506, -0.6531554684042931
-2.4612736105918884, 1.6613302379846573
-1.6577701270580292, 1.096991278231144
-1.7072036862373352, 1.2913653701543808
-2.245572879910469, -0.31703639030456543
-2.4636205434799194, -1.6667426377534866
-1.4174412488937378, 0.6556121334433556
-2.656288705766201, -0.256461245007813
-1.4586556889116764, -0.14086733758449554
-1.4072109162807465, -0.06499594449996948
-0.9928574413061142, 0.41742459312081337
-1.843307189643383, -0.9866924434900284
-0.7647649496793747, 1.2958051562309265
-1.4530484545975924, 0.19112128019332886
-1.6922002658247948, 1.7140738666057587
-0.37828367203474045, 0.10145427286624908
-0.9338549673557281, 0.8234097063541412
-0.6584222716046497, -1.5275253355503082
-2.071441560983658, -1.8434417992830276
-1.3965736348181963, -0.22521387040615082
-3.5252929031848907, -2.5479794442653656
-0.967057392001152, 0.8109919428825378
-1.9559502601623535, -0.06557050347328186
-0.6267991308122873, 0.19180720672011375
-1.3839064091444016, 0.11341388337314129
-2.447341278195381, -2.210314802825451
-1.1366156935691833, -0.18994854018092155
-1.4537530969828367, 0.41117626428604126
-2.342431887984276, 0.119528628885746
-0.9319612272083759, 1.657643273472786
-0.372409462928772, 1.098960742354393
-2.074593409895897, 0.9610068798065186
-1.7170013338327408, 0.7776295952498913
-5.141037613153458, 0.5021905452013016
-1.7708585858345032, 1.670308530330658
-1.7099299877882004, -1.2737478390336037
-0.7131267488002777, -0.2676438242197037
-1.2377002984285355, -0.5059341359883547
-1.2321867942810059, 1.334051489830017
-0.3523448556661606, 0.09097898006439209
0.1492889728397131, 0.7992939651012421
-1.5398592576384544, -0.17852916568517685
-1.072675010189414, 1.4239289462566376
-2.8003139942884445, -0.3524755984544754
-2.558061569929123, 1.3171467781066895
-2.859958790242672, 1.7991286925971508
-1.4095227420330048, -0.44618354737758636
-1.464652398135513, 0.6808351278305054
-3.099646508693695, -1.7867183983325958
-2.237254351377487, -0.3609413504600525
-1.5903970152139664, -0.028818100690841675
-1.3909330740571022, 0.0077516064047813416
0.12684696912765503, -0.30752424895763397
-1.2132398411631584, 0.03576388955116272
-0.042649516835808754, 4.0502481162548065
-0.09849793091416359, -0.4294202923774719
-1.5667348802089691, -1.8788882857188582
-0.9184098541736603, 1.4134710114449263
-2.1271243691444397, 1.9493904560804367
-1.1072697937488556, 0.6459348201751709
-1.4718971475958824, -1.9586128070950508
-2.4794329553842545, 1.2043190598487854
1.18190485984087, 3.3142457604408264
-0.7017256394028664, -0.03573779761791229
-1.3822509944438934, 4.764778353273869
-0.31499669700860977, -0.1556857880204916
0.8502423986792564, -0.15612462162971497
-1.3608895689249039, -1.05273722903803
-1.8976467996835709, 1.26312917470932
-2.377205965691246, 0.10737498104572296
-0.90116286277771, -0.1943170176818967
-2.2406934595201164, -1.3360785096883774
-1.179612785577774, 0.5561916828155518
3.810748264193535, -1.8514343202114105
1.6693229600787163, -1.8618580251932144
-1.7069536745548248, 0.7082140706479549
-0.2398388907313347, -0.2937706559896469
-1.0450297221541405, -0.4257676899433136
0.8757168501615524, -0.9259999245405197
-0.8100322932004929, 0.17754346132278442
-1.6405238509178162, 0.6938166320323944
-0.04570302739739418, -0.8016980886459351
-0.9423504406586289, -0.8187326192855835
-0.15524785220623016, 0.15488087385892868
-1.4489823654294014, -0.39395707100629807
-1.1730602383613586, -0.4898728523403406
-0.836572676897049, 0.3137175440788269
-1.8041133731603622, -0.2573259770870209
-0.9842468798160553, 1.146514356136322
-1.9365673065185547, -1.796687662601471
-0.2891651690006256, 0.19945964217185974
0.37794315442442894, -2.1229906007647514
-3.2975947707891464, 2.985494554042816
-1.1566640101373196, 0.41062888503074646
-1.7720461785793304, 0.8581391274929047
0.14529526233673096, -0.6656636595726013
-1.3683153027668595, 0.5875812470912933
-0.04924286901950836, -0.539423018693924
-1.6369415074586868, -1.005297213792801
-1.3893223777413368, 0.7014472024748102
-0.9589082524180412, 2.07266191393137
-3.2148430943489075, 5.765335321426392
-0.566654771566391, 0.4309762492775917
-1.6654050573706627, -1.3943781405687332
-1.1159806698560715, -0.36782026290893555
0.8771354556083679, 0.484038382768631
-0.7226585075259209, 0.3188932240009308
-1.782285638153553, -0.04127517342567444
-0.8799308091402054, 0.4706019461154938
-1.6838387623429298, -2.110641948878765
-1.6759151220321655, 0.5060715973377228
-2.471708159893751, -0.23308321833610535
-1.8362542875111103, 1.9576624631881714
-1.5210689306259155, -1.5106680691242218
-1.900408536195755, -0.47822632640600204
-1.3919043987989426, 3.1344872415065765
-1.0687260068953037, 0.4253658354282379
-1.2912357598543167, 0.011151181068271399
-1.4900380223989487, -0.6129439175128937
-0.6140241324901581, -1.1282862145453691
0.15766626596450806, -3.4746879506856203
-2.2056349217891693, 1.0223101526498795
1.6270241439342499, 0.31212010979652405
-1.4456361830234528, -1.3868211209774017
-0.4933316558599472, -2.003806546330452
-0.7014980092644691, 0.6294127069413662
-0.38810205459594727, 0.650422926992178
-0.25886685959994793, -0.10043416917324066
0.07772144675254822, -0.3222177028656006
-0.5494782775640488, 1.1979389414191246
-0.36826047860085964, 0.6482404172420502
-0.30119307339191437, 0.07422630488872528
-2.9517663791775703, -3.1154365837574005
-2.860135910101235, -1.91802828758955
-1.2625759690999985, 1.122174620628357
-3.320814372971654, 2.1616183295845985
-1.8335200026631355, -1.2373053580522537
-2.5710315257310867, -1.065233513712883
-1.8042464554309845, -0.720310565084219
-0.9040507227182388, -1.5308743193745613
-1.7807490406557918, -0.6865527331829071
-1.5501756817102432, 1.9039325192570686
-2.327852725982666, 2.041735127568245
-3.9983334243297577, -0.1198042412288487
-1.2287231162190437, 0.36812713742256165
0.5129869133234024, -0.6348044574260712
0.23970235884189606, -0.9190871119499207
-5.194950893521309, 1.5848971344530582
-0.05540841072797775, 0.9890772923827171
-3.0653923749923706, 1.0704115256667137
-0.5402435660362244, -2.870020478963852
-0.6334690004587173, 0.1894056499004364
-2.7450839541852474, 0.9595501720905304
-2.340138614177704, 1.0068585872650146
0.21339963376522064, -0.3156340569257736
-1.123474944382906, 0.25758641958236694
-1.0931343771517277, 0.6767387315630913
-0.5599999176338315, -0.43335823714733124
-0.41256048157811165, -0.4100425550714135
-2.0876436475664377, -1.276291310787201
-0.5311103165149689, 2.096201904118061
-2.557018082588911, -0.6808729767799377
-2.0092501044273376, -0.0053415000438690186
-2.1246171295642853, 0.2748166173696518
1.121084701269865, -0.9912357926368713
-1.0776556059718132, 0.5951382219791412
-2.1781132742762566, -0.9657515771687031
-0.6627572467550635, -0.5978495553135872
-1.505571324378252, -0.7622059285640717
-2.880448117852211, 1.2395828440785408
-0.892848901450634, 0.40063926577568054
-0.9985380843281746, -0.1698640212416649
-1.3326873257756233, -0.4135555624961853
-1.4465314447879791, 0.4377108961343765
-0.9673555940389633, -0.05393201485276222
-0.5848369598388672, 0.7370317280292511
-2.3872262835502625, -1.8024287521839142
-0.9037889391183853, -2.393331602215767
-2.1849651262164116, 0.023885905742645264
-1.1366892382502556, -0.35630181431770325
-1.1565285921096802, -1.1139324605464935
-0.2085715439170599, -0.808205708861351
-0.10977064818143845, 0.5566436648368835
-1.34115956351161, -0.5722565054893494
-2.6136180460453033, 0.9898816272616386
-0.6906432956457138, 0.04118265211582184
-1.019848226569593, 0.6386574562638998
-2.6662045950070024, 1.354627262800932
0.4063054695725441, -0.9177674017846584
-1.735177218914032, 0.457618311047554
-0.4949018955230713, 0.01653498411178589
-0.8028002977371216, -0.5509775608079508
-5.620650291442871, -1.6112556122243404
-0.5693566203117371, 1.8609410524368286
-3.143933668732643, -0.08772891759872437
-0.29220956563949585, 0.5477341115474701
-0.9502692222595215, 1.1499359160661697
-1.496020182967186, -0.5271938145160675
-1.4500696659088135, -0.7615425735712051
-0.7950836876407266, -0.1461452841758728
-1.3915030886419117, -0.8101351708173752
-0.3275458514690399, 0.06308233365416527
-0.07817891240119934, -0.1759900599718094
-0.1513514369726181, 0.19909830391407013
-1.7654538825154305, 1.0385851562023163
-4.406909197568893, 1.925110399723053
-1.2335979044437408, -0.6877977550029755
-1.2972822487354279, -0.003936313092708588
-1.6791719868779182, 1.0907878279685974
-1.5789575576782227, 1.7872096300125122
-0.48621994256973267, 0.7060962915420532
1.9074315428733826, -0.652426153421402
-2.301318198442459, -0.415613142773509
-1.7533417642116547, -2.346050500869751
0.63741435110569, -0.1774463951587677
-2.1829233886674047, 0.1568339765071869
-0.6298488974571228, 0.36980465054512024
-1.0603659451007843, -0.019747350364923477
-1.662165805697441, -0.7467965185642242
-2.4520749151706696, 2.809969086199999
-0.01624036207795143, 1.1501540541648865
-1.482687532901764, 0.961410109885037
-0.6606005001813173, -0.40381884574890137
-0.41584132611751556, -0.7585750222206116
-1.5609687743708491, 2.0961533784866333
-0.9274119173642248, 0.34052133560180664
-3.128029376268387, 0.3045508861541748
-2.8154559060931206, 3.731326674344018
-3.896988272666931, 1.2242690399289131
-1.2023786008358002, -0.4334210157394409
-0.5896525606513023, -1.3263617195189
-0.377543643116951, -1.4084756076335907
-3.540716275572777, 0.5013423524796963
-0.3943929895758629, -0.16544086299836636
-1.673562137875706, 1.8966696038842201
-0.23226260393857956, 0.7624287437647581
-0.954899400472641, 0.6490929988212883
-0.8112190216779709, -0.3983130529522896
-1.5277658477425575, 1.0192644000053406
0.8739396780729294, 2.014870584011078
-3.1916524469852448, 0.9201908344402909
0.63905930519104, -0.03835897147655487
-1.8835479766130447, 2.476306621916592
-1.8332867032149807, -0.10606437921524048
-0.3271627388894558, 4.347595453262329
-1.6939771920442581, 0.29138776659965515
-1.153255619108677, 1.021827507764101
0.08083604276180267, -2.542669989168644
-1.6587612479925156, -0.8367093279957771
-1.4607813209295273, -0.6407623291015625
0.3209092617034912, 0.877791553735733
0.19769907742738724, -0.21313980221748352
-1.3792804386466742, 0.14073586463928223
-2.563521221280098, -2.0450824350118637
-1.1752455224923324, 0.9445228576660156
-0.7080381028354168, -0.6872520297765732
0.42461541295051575, 0.21764274306769948
-1.6543915569782257, -2.145563594996929
-1.3599154651165009, 1.4385234415531158
-1.8580449968576431, -0.37341827154159546
0.07011783123016357, 2.0375756174325943
0.5606761276721954, 2.0334688127040863
-3.219326250255108, -0.021913163363933563
-0.5165789723396301, 1.1529331468045712
-0.44590914249420166, 0.9387866705656052
0.02975860983133316, -1.6693084174767137
0.5637515187263489, 0.8933596611022949
-1.78280258923769, 0.05262047052383423
-1.8305135071277618, 2.111365333199501
-2.834363754838705, -0.4786302000284195
-1.7930918484926224, -0.23503676056861877
-0.8360657468438148, -1.159676515031606
-1.3340014144778252, 1.377488598227501
-0.859602801501751, 0.023719608783721924
-1.0305735804140568, 0.5759954042732716
-0.8570758402347565, -1.0074221789836884
-2.038646327331662, 0.5523217990994453
-2.2385871335864067, 0.09393821656703949
-3.1283011734485626, -0.6261810031719506
0.9038915038108826, 1.2842645645141602
-1.2334711104631424, 0.5107294954359531
1.3058684766292572, 0.07696433737874031
-4.078147388994694, -1.0914875380694866
-0.007064208388328552, -0.4479791224002838
-3.194400370121002, 0.41610056161880493
-1.0393298715353012, 0.7689359998330474
1.8998546451330185, 0.6020523607730865
-0.7302200719714165, 6.545801103115082
-0.7541408706456423, 0.9445158839225769
-1.225988270714879, 0.14756017923355103
-0.8088627606630325, -0.7324067801237106
-2.0946131199598312, -0.04381363093852997
-0.7396913468837738, 1.6588739454746246
-0.7337750792503357, 0.5620448617264628
-1.1266850670799613, -0.1012607216835022
-1.1921445354819298, 0.6680078636854887
-0.33588795363903046, -0.3803804889321327
-1.0201630145311356, 1.9345029294490814
-1.0994798243045807, 0.843523271381855
-0.6574584394693375, -0.02328398823738098
-1.7223372161388397, 1.137421377003193
1.1731207445263863, -0.8835927098989487
-0.3338635563850403, 0.31701722741127014
-2.146547943353653, -0.05574040114879608
-2.0595686733722687, 0.5408941954374313
0.35099320113658905, -1.6008237600326538
-2.7236537039279938, 2.5464159548282623
-0.10720908641815186, -0.05613370053470135
0.746779054403305, 0.7614165544509888
-0.9908941984176636, -2.1808185279369354
-1.1322415471076965, 0.3513585925102234
-6.45414000749588, 2.190270781517029
-1.3380225449800491, -0.661791117861867
-1.7602707296609879, 0.7490750849246979
-0.9756356775760651, 0.3972810134291649
-0.197559654712677, 0.6857798099517822
-1.1294360905885696, -0.8632060848176479
-1.6822031736373901, -0.3128215968608856
-2.088381767272949, 0.4353339970111847
-1.1752508282661438, -0.8520863354206085
-0.2831072136759758, 0.7804394066333771
-3.682499349117279, 2.223615805618465
0.8297775387763977, -0.9470210410654545
0.39525534212589264, 0.5793388187885284
-1.4334863424301147, -0.5697330757975578
-1.8662564754486084, 1.3968085050582886
-1.9875423237681389, 2.8879171013832092
0.2606324255466461, 0.4997620185604319
-1.0586320459842682, 1.8044421076774597
-0.16344588994979858, -0.17520755529403687
1.394641950726509, -1.9284216463565826
-0.16937291622161865, -1.243109568953514
-2.2915025800466537, 2.6649250611662865
-0.8579504191875458, -2.2004593312740326
-1.151632621884346, 0.02124887704849243
-0.2702856510877609, 1.4064752981066704
-2.4753476977348328, 0.5028001070022583
-0.7956794686615467, 0.8698339387774467
-0.8081661760807037, -0.16345129907131195
0.0673777163028717, -0.5696377754211426
-0.683266207575798, -0.4945807605981827
-1.4770282581448555, 0.822904952801764
-0.46143002808094025, 1.837477669119835
2.0743042826652527, 0.4551747888326645
-0.9031913429498672, -0.5838412046432495
-1.26226507127285, -0.21515051648020744
-1.8329030647873878, 0.3104391247034073
-0.9382981434464455, 1.5743133425712585
-2.9241635277867317, 2.005627788603306
-1.9930382072925568, 0.7374676316976547
-1.5922826677560806, 1.5244984738528728
-1.7446409463882446, 0.6636776328086853
-2.2405439913272858, -0.20868265628814697
-1.2302766852080822, -1.8912920877337456
0.17437757551670074, -0.7648234888911247
-3.003953844308853, 1.0632502287626266
2.261465087532997, -1.9364330470561981
-1.932811662554741, -0.33356886357069016
0.9841739386320114, 0.39589300006628036
-3.6849794387817383, -1.8453108072280884
-3.905773162841797, -0.2512105405330658
-2.864502251148224, 2.4424358308315277
-1.8263721466064453, 0.4402821362018585
0.5719892159104347, 1.1249579787254333
-3.4794533252716064, 1.4603394344449043
0.40738731622695923, -1.3009801181033254
-0.03762582526542246, 2.8870277404785156
2.345135435461998, -1.2242824286222458
-1.6820049583911896, -0.8242943286895752
2.2870505414903164, 0.40444453060626984
-1.8272471390664577, 2.196023538708687
-1.62267604470253, 0.2224125862121582
0.4158747233450413, 0.5730538070201874
-0.0897153988480568, 1.8390977829694748
-1.4103437140583992, 3.686835624743253
0.11011290550231934, 4.054440557956696
-1.5281964763998985, 0.7918581962585449
-2.1557960542850196, -0.27799494564533234
0.2541525661945343, -0.23900249600410461
-1.770513504743576, -0.33267282135784626
0.12680411338806152, -0.27337712049484253
-1.7231381572782993, -0.03774808347225189
-0.14641143381595612, 1.5115845650434494
-3.3333738446235657, 2.5347427241504192
-1.7992164492607117, 1.743200197815895
-1.0707175135612488, -0.8915385156869888
-1.5728790163993835, 0.8539351169019938
-0.9192741103470325, -0.547739565372467
-0.49580105394124985, -0.5030097514390945
-0.5896430909633636, 1.787231795489788
-3.8350284099578857, 1.7834435272961855
-1.878786101937294, -0.008016187697649002
0.5066105909645557, 2.0395305454730988
-0.9639722406864166, 0.7137006148695946
-2.2633118331432343, 1.2134917080402374
0.1373441442847252, 0.4117863029241562
-1.1938145011663437, 0.8492969684302807
-1.0345787070691586, 0.014947600662708282
-2.202964648604393, -2.0547817079350352
-1.0256782174110413, 1.6636961996555328
-1.9801608324050903, 1.0989942252635956
-1.8273009806871414, 4.007301345467567
1.5179729647934437, 0.4649491310119629
-0.7432969994843006, -0.7022162675857544
-1.0616445280611515, -0.4501112252473831
-3.1090189293026924, 0.0523332804441452
-0.9884752631187439, -1.3632714226841927
-5.296381495893002, 4.246031671762466
-0.13987155258655548, -0.5186257511377335
-1.6163943279534578, -0.22348886728286743
-1.8115720972418785, -2.800907516852021
-0.9246112741529942, -1.2035659551620483
-1.4816365242004395, -0.0587494820356369
-2.0938711762428284, 0.03664163127541542
-2.03438264131546, -1.0015564113855362
0.48120077699422836, -1.1566345281898975
-2.0326220765709877, 0.08995133847929537
-1.207468181848526, 0.8064274787902832
-1.4411391019821167, -0.9769147410988808
1.0758510250598192, -1.3007671535015106
-0.2294749766588211, -0.0058544836938381195
-4.06686407327652, -0.013587355613708496
-0.8231894932687283, 0.32062604278326035
-0.4190790131688118, 0.03597328066825867
-0.29748009145259857, -1.1926991939544678
-0.23114337027072906, 0.03420070558786392
-1.480653241276741, -0.41636537481099367
2.845648057758808, -1.3625139892101288
-1.9482138454914093, -0.9280353486537933
-0.3116482198238373, -0.8082685172557831
-2.6436607092618942, 1.2514628171920776
0.40188340842723846, 0.203955739736557
-0.029557645320892334, -0.9735001623630524
-0.5214288234710693, 2.4035515040159225
-1.4737578928470612, 0.24946469068527222
-0.2837258279323578, 0.6006039679050446
-1.2510761423036456, 0.0229196734726429
-2.110739439725876, 0.30544252693653107
-2.2397040128707886, 1.185162901878357
-1.7440586537122726, 0.21476835012435913
-0.6657182518392801, -0.8046174328774214
0.7622605562210083, -0.6654085218906403
-2.0408969074487686, 0.4446312338113785
-3.5378773398697376, 2.918719232082367
0.44549095863476396, -0.5235159993171692
-1.5764482915401459, 0.8699619919061661
0.09294801950454712, 0.9093865603208542
-2.663326570764184, 0.09022702276706696
-1.6094171404838562, -1.9772164076566696
-1.9079710841178894, 2.0306647419929504
0.17678293585777283, 0.17513416707515717
-2.6198269724845886, 0.0063735246658325195
-1.2269324958324432, 0.07710231840610504
-0.6374907791614532, -0.24859518557786942
1.3450752422213554, 2.455944135785103
-2.297037288546562, -0.36718791304156184
-0.3059527100995183, -0.6664521023631096
0.37316223978996277, 0.04150952445343137
0.268100842833519, 0.8651805520057678
-0.6477284729480743, -0.7030294239521027
-1.8286755681037903, 0.701055109500885
-1.6316884011030197, 0.08606031537055969
-2.568676009774208, 1.4561717212200165
-0.805017551407218, -0.1270219385623932
-1.0052588135004044, -0.06730533763766289
-1.212775468826294, 0.7922978177666664
-0.04207774996757507, 1.3181135281920433
-2.7958441972732544, 2.348173640668392
-1.4256151914596558, 0.3469245582818985
-4.408604554831982, 0.8067334145307541
-1.922387957572937, -0.11369355767965317
-1.4091652035713196, -1.613777756690979
-0.36157201603055, -2.4549635276198387
-0.9205007813870907, -0.862187922000885
-1.3702247608453035, 1.6505356132984161
0.7210934646427631, 0.5148321241140366
-2.0277130603790283, 0.7046468257904053
-1.326458603143692, -0.5456201285123825
-0.9337482452392578, 1.7146689295768738
-2.0572778582572937, 1.1430564729962498
-3.424384031444788, 0.3111158758401871
-1.3239926397800446, -0.6500639915466309
-2.350975453853607, 0.8197223842144012
-4.026879906654358, -0.40041691064834595
-1.0112275183200836, -0.014762476086616516
0.9687782526016235, 1.9463422633707523
-0.01864933967590332, 2.1151299476623535
-0.7628753185272217, -0.8168348912149668
-0.6530858874320984, -2.1038323836401105
-1.4089188054203987, 0.7649287581443787
-1.9955424387007952, -0.08774988539516926
-2.1251750588417053, 2.4099499732255936
-1.2450372278690338, 0.25333429872989655
1.1775677166879177, 0.8152526021003723
-0.8158318996429443, -0.506209246814251
1.661145105957985, -0.7515623196959496
1.1134015619754791, -2.9089723229408264
-2.036752700805664, -0.26020265743136406
-0.046280816197395325, -0.44780248403549194
-0.5509015917778015, -0.012055933475494385
-1.180312268435955, 0.04379184544086456
-0.8087288960814476, -0.21084998920559883
-0.9588807821273804, 0.9535567611455917
-1.636499471962452, -0.2772568166255951
-1.3867658898234367, 0.1905449479818344
-0.7215989530086517, -0.5552906021475792
0.5853233486413956, -0.701424140483141
-0.12996456935070455, 0.4526732861995697
-2.114475781098008, 1.0164557993412018
-1.486690454185009, 0.08693219721317291
-0.42938151955604553, 0.7088821660727262
-0.8335319012403488, 0.8841038607060909
-2.920244872570038, -0.283044695854187
-0.39460915327072144, -0.8526913225650787
1.7154752239584923, -0.7995475977659225
-1.2205858044326305, 1.8834574595093727
-0.04104416072368622, 0.7005475163459778
-0.5266222953796387, 2.039937600493431
-2.318273976445198, -1.753042958676815
-0.6850367845036089, 0.15656446292996407
-0.8185467794537544, -1.2902623564004898
-1.3508270010352135, 2.637108087539673
-0.42116643115878105, 0.33764177560806274
-0.8891460001468658, -0.264349564909935
-1.432081900537014, 0.3493465930223465
0.06583333015441895, -0.08359847217798233
-2.0490175783634186, -1.6112949699163437
-1.476667433977127, -1.2907008305191994
-1.5506202280521393, 0.21588864922523499
-1.5483473539352417, -0.9445357173681259
-0.4680177569389343, 0.4412572979927063
-2.439560644328594, 0.29017794877290726
-4.077647015452385, 0.16396480426192284
-1.5164638608694077, 0.1354253739118576
-1.9606046974658966, 3.4383092373609543
-1.0899444669485092, -0.20094114542007446
1.0690378844738007, 0.9979163780808449
-0.9601951241493225, 0.5312588736414909
-1.3510221764445305, 0.5888375639915466
-1.8520895391702652, -1.0633989721536636
-1.6851195245981216, 2.77528365701437
-2.2238697707653046, 1.6484567523002625
-2.423576846718788, 0.13276195526123047
-1.2608294412493706, -0.9603022299706936
-2.779309466481209, 0.037993237376213074
-1.2862771153450012, -0.4678279533982277
-0.7814278453588486, -0.3499882221221924
1.97715965192765, 2.8002488017082214
-1.5711515545845032, 0.39938610792160034
-0.5000250563025475, 0.7892339825630188
-1.2780546247959137, -2.4035644233226776
-1.6610923931002617, -0.8274998813867569
-0.7683297246694565, 0.36412885785102844
-1.2648699283599854, 1.1884441673755646
-1.3576832115650177, -0.765886964276433
0.5381502583622932, 0.11413746327161789
0.5652656853199005, -0.05223146080970764
-0.6860181391239166, -0.6096519082784653
-1.880659207701683, -0.1575569584965706
-0.43280216632410884, -2.9966317117214203
-1.0473858825862408, 2.793377384543419
-1.4999944120645523, 0.5874093770980835
-1.7587310075759888, 0.07448274036869407
-0.5699424184858799, 0.03759939968585968
-0.7469334993511438, 0.7808918058872223
-1.6257450580596924, 4.88091254234314
-0.8037984371185303, 1.1436655595898628
-4.9332786202430725, -0.18018171191215515
0.36588895320892334, -0.863241471350193
-0.6886022128164768, 0.10852795839309692
-1.2307448647916317, 2.0388699918985367
-2.124175414443016, -0.6330343335866928
-2.1872886568307877, 1.1550972908735275
-1.3600198030471802, 0.8560770899057388
