-2.4710271060466766, 0.5267612338066101
-3.5074819922447205, 0.5475252643227577
0.16621041297912598, 0.34628356993198395
-1.3485494428314269, 0.36909765005111694
-2.108084201812744, 0.5293659120798111
-0.6960560381412506, 2.9237259179353714
-1.332522690296173, -0.16935262084007263
-3.3179884161800146, 0.6387172341346741
-1.2236334383487701, 0.4424586519598961
-0.8183152973651886, 0.6699497401714325
-1.6601542085409164, 2.177021972835064
-2.076769396662712, 0.33436137437820435
-0.6258786916732788, 0.10310757160186768
-1.6019692169502378, 0.7053126394748688
-2.21933650970459, 1.1086692661046982
-0.8910340890288353, 1.0857577919960022
0.33438968658447266, 2.7888543009757996
-1.6507579684257507, 0.6144027141854167
1.3478804528713226, 0.8186130225658417
-0.8072114139795303, 1.0655761063098907
-2.557765144854784, -0.187786303460598
-3.1284247636795044, -0.025011472404003143
-0.9932358860969543, -0.3446645438671112
-1.018472507596016, -0.44129490852355957
-1.4799465537071228, 0.6806934140622616
-1.5154337882995605, 0.3014095723628998
-1.821617640554905, 2.4402353167533875
-3.651466578245163, 0.3107871264219284
-0.48490384221076965, 0.553766131401062
-2.207684300839901, 1.6407345235347748
-2.682237446308136, 0.8233275264501572
-0.9096979610621929, -0.3196123391389847
-1.0291267931461334, 2.8692857921123505
0.8178939558565617, 1.5447569340467453
-0.7023991793394089, 2.2138404846191406
1.3917531967163086, 1.8764103949069977
-0.5735300183296204, -0.01750769466161728
-2.17561586946249, 0.3253190480172634
-1.766550987958908, 2.8882495276629925
-2.470381461083889, 3.083390012383461
1.1682772934436798, 2.035454347729683
-0.9725320339202881, 0.22633715718984604
-3.506236992776394, 0.13998597860336304
-1.696357629261911, 0.5111256688833237
-0.6608836948871613, 2.126670777797699
-0.5224166661500931, 2.0384231507778168
-1.5129835028201342, 0.5151344537734985
-2.6976125091314316, 1.0291609168052673
-1.9387082159519196, 1.4909157827496529
-2.6316346526145935, -0.7515072822570801
-1.3467099368572235, -0.26573724299669266
-3.142136661335826, -0.49652092158794403
1.8550895377993584, -0.3097129166126251
-1.8640805780887604, 0.034940749406814575
0.8823921233415604, 0.14230716228485107
-0.4308230299502611, 0.5702926516532898
-2.6954791247844696, 3.2273736000061035
-1.6471370160579681, 0.1553773581981659
-0.7979754582047462, 2.286431923508644
-0.7626513540744781, 2.9317699670791626
0.3537609800696373, 4.028082489967346
-1.2587666399776936, 0.7789667770266533
-3.8564034700393677, -0.35191961005330086
-2.521984577178955, 0.8961644135415554
-0.8078939616680145, 0.5834879875183105
-3.4579983949661255, 0.3283850997686386
-0.23362571001052856, 2.0001045912504196
-1.5426737070083618, 1.4335554540157318
-3.3093277402222157, 0.6062779200146906
-2.5682990439236164, -0.037776678800582886
-3.0793240815401077, 1.1263286527246237
-1.3475626409053802, 1.0790663957595825
-3.6919138580560684, 1.2760009765625
1.053818553686142, -3.7464942932128906
-0.7479571136645973, 3.5706044137477875
-1.0584674030542374, 0.2992852032184601
-2.967828243970871, 1.1330024600028992
-0.8601157069206238, 1.7404670864343643
-2.7980066537857056, 0.7765190601348877
-3.3113803192973137, 1.3761822283267975
-2.6759707927703857, 0.6500799655914307
-2.802400827407837, -1.0414977818727493
-1.9600340127944946, 0.5773991644382477
-1.4265578389167786, 0.6961766481399536
-2.6036102920770645, 0.48891371488571167
-2.2226143777370453, 0.8767901957035065
-2.4919230937957764, 1.153731532394886
-3.3544474244117737, 0.07458571344614029
-2.5440309941768646, -1.3788003474473953
-1.5284308604896069, 0.2993267774581909
-2.130297526717186, 0.9911155048757792
-0.7606967575848103, 0.8515185713768005
-0.08407780528068542, 1.064183384180069
-2.3910838551819324, 0.6689227074384689
-3.2527282498776913, 1.0535882450640202
-2.1383112221956253, 0.2664370536804199
-2.731558606028557, 1.0906343758106232
-2.6600582897663116, 0.7078625559806824
-4.473747968673706, -0.15580417960882187
-0.8537348657846451, 0.6410471200942993
-3.3697821497917175, 1.3126564780250192
1.095950186252594, 1.9417906552553177
-2.7623550444841385, 0.17026643035933375
-1.543036550283432, 2.9872522056102753
-0.9756555259227753, 0.0642742058262229
-2.4780517518520355, 0.6926206573843956
-1.09817436337471, 0.3240773528814316
0.22843672335147858, 1.6507825255393982
1.150008350610733, 0.8187161386013031
-1.8737115040421486, -0.15409494563937187
-1.9891532212495804, 1.1479499265551567
1.0646521151065826, -0.2203075885772705
-0.9415674805641174, 0.16276022791862488
-1.4658393114805222, 0.8097785115242004
0.16032055020332336, -1.4491779771633446
-0.5971122086048126, 0.454862117767334
-1.3858352601528168, 1.0592774450778961
-1.901787482202053, 0.5322860311716795
-0.2882988601922989, -0.6777148544788361
-0.30617663264274597, 1.73947361856699
-2.945276379585266, 0.3356412649154663
1.5087040066719055, 0.20394453406333923
-1.661749228835106, -0.33188117668032646
-1.3568024635314941, 0.0022445470094680786
-1.8524413406848907, 1.1630292981863022
-0.969416256994009, 0.9129694774746895
-1.3096553864888847, -1.1228437721729279
-1.2049987586215138, 2.987528458237648
-0.726437795907259, 0.020440921187400818
-1.2577076256275177, -2.6358294412493706
-3.424387849867344, -1.9967369064688683
-3.421106845140457, 0.655358150601387
-2.986497975885868, 0.5490280985832214
-2.27546465001069, 0.25712156295776367
-2.479279950261116, -0.923822820186615
-3.558780401945114, 0.4005606696009636
-0.8490639925003052, -0.12076599150896072
1.2248896062374115, 2.756737142801285
-2.522537335753441, -0.7468771040439606
-1.9857826381921768, -0.698068305850029
-3.0736070200800896, -8.928370662033558E-4
-1.1322702765464783, 1.4360182918608189
-4.300643861293793, 0.005731597542762756
-2.329253911972046, 0.20367109775543213
-0.4645291268825531, -2.221554035320878
-1.4136188626289368, 1.005988359451294
-1.4584529493004084, 2.2483477741479874
-1.3485027626156807, -0.2476610690355301
0.6739750355482101, 0.17124725878238678
-0.17607030272483826, 1.0016162544488907
-1.8009553104639053, 0.23743516206741333
0.16140587627887726, 2.280816525220871
-1.9401863813400269, -0.447703093290329
-1.4403137117624283, -0.11592866480350494
-3.8464177548885345, 0.26843539299443364
-0.02601701021194458, -0.8310401439666748
0.6365229114890099, 1.0364162027835846
-2.9314993023872375, 1.5854471325874329
-1.593516319990158, 1.8134474754333496
-0.5423194020986557, -1.7622849345207214
-2.2709709107875824, 1.1646511256694794
-1.864555299282074, 0.5569264739751816
-2.1443567872047424, 2.0075969994068146
-3.3632632941007614, -0.3015041649341583
-3.1652296781539917, 2.822802096605301
-2.489752821624279, 1.4496336877346039
-2.3359046578407288, 1.1169849336147308
-2.396451100707054, 0.2062663435935974
-3.0751213282346725, 0.5128456056118011
-2.8674263805150986, 1.5743637830018997
-1.2933266460895538, -1.3816484212875366
-2.5438165068626404, -0.49441567063331604
-2.6147975474596024, 0.09315899014472961
-3.381976544857025, -0.1714702844619751
-1.3254207372665405, 0.10497063398361206
-1.990288034081459, -0.281216561794281
-2.216668576002121, -1.0308144092559814
-3.9582074880599976, 0.701173946261406
-0.47670774161815643, -0.7396995853632689
-0.9258594661951065, -0.4299473464488983
-2.300115317106247, -0.5857158154249191
-0.9224349409341812, -0.03041011095046997
-1.833991140127182, -0.8814597874879837
-1.2650966495275497, 0.7141000181436539
-2.707337364554405, -0.6703476905822754
-2.249735541641712, 0.8887580335140228
-1.3002507984638214, -1.1481588184833527
-0.902936153113842, -0.34253787994384766
-3.1025091484189034, 0.39057424664497375
-3.8882742524147034, 1.744718611240387
-2.8802412301301956, 0.10332551598548889
-0.8102341517806053, 0.4064730256795883
-2.767950803041458, -0.35910598060581833
-2.847790140658617, 0.22116302885115147
-2.0913453698158264, -0.9251872599124908
-2.976124405860901, 0.301878958940506
-2.224288757890463, 0.09752658009529114
-0.8786734789609909, 2.689687798731029
-3.1603712290525436, -0.37345415353775024
-1.3291784948669374, 0.7037931960076094
-1.7803705632686615, 1.1781759560108185
-2.6770739629864693, 0.9003647863864899
-1.492399349808693, -0.26439768075942993
-2.80290125310421, -0.14080184698104858
-2.6934304982423782, -1.0416221525520086
-1.4430838748812675, -0.6609994769096375
-1.0935881957411766, 1.3721305429935455
-2.1481425762176514, 0.6374943256378174
-1.1347904279828072, 1.489814668893814
-3.086701422929764, 0.10127255320549011
-2.8733332753181458, 0.25549696385860443
-3.13277948461473, 0.834539633244276
-2.906402938067913, 0.7038497477769852
-1.6724556125700474, 2.1942345052957535
-3.368224188685417, 0.5779874920845032
-2.9887726437300444, 0.4785308539867401
-3.147583894431591, 1.2662139907479286
-1.0544916689395905, 0.90691277384758
0.025043755769729614, 1.9117821156978607
-3.9485154896974564, 1.4414168298244476
-0.07447734475135803, 3.2161389589309692
-2.0073030153289437, 0.13512617349624634
-2.283589720726013, 0.31730151176452637
-1.81676185131073, 0.40477660298347473
-1.6869879215955734, -0.2571420818567276
-2.6932647824287415, 0.5310315489768982
-1.6026902198791504, -0.4875432848930359
-2.487001486122608, -0.23351317644119263
-2.4840370789170265, -0.9019152969121933
-2.0878191590309143, -0.4086637496948242
-2.2042713314294815, -0.7783229351043701
-1.802289068698883, 0.24614869058132172
-2.3680320978164673, 0.8331164717674255
-2.5604647994041443, -1.0177844166755676
0.23151950351893902, 1.736205205321312
-2.439179163426161, 1.3377910256385803
-1.6397821754217148, 0.4899156838655472
-1.1967905014753342, -0.5378249883651733
-1.641197457909584, 1.4967933893203735
1.5517718940973282, 1.5321803092956543
-3.4900681795552373, -0.38956715166568756
-1.677657961845398, -0.08546984568238258
-1.8570767473429441, -1.582565262913704
1.1004178114235401, 2.3207972645759583
-1.9296944439411163, 0.3349842131137848
0.24847982823848724, 0.30936920642852783
-1.0797659754753113, 0.6975561231374741
-1.8626059666275978, 0.30417683720588684
-0.10296514630317688, 1.8539340794086456
-1.3920969814062119, -0.32428252696990967
-1.2633172869682312, 1.1952528357505798
-3.1173528875224292, -0.397889818996191
1.851302221417427, 1.2536208033561707
-2.2665769532322884, 0.280307337641716
-1.3770526498556137, -0.7195086248684675
0.8290656358003616, 1.1617295667529106
-1.9708302468061447, 0.6546851992607117
-1.387230634689331, 0.10922464728355408
-3.6592893693596125, 0.13256604224443436
1.1120174415409565, 1.914792537689209
-2.828824818134308, -1.573105663061142
-3.3225578498095274, 1.7608601748943329
-6.6173470839858055, 1.0262962132692337
-1.1137527227401733, 0.5013717859983444
-3.2871745228767395, 1.4674395024776459
-4.194864749908447, -1.3677646815776825
0.3892519474029541, 1.637428417801857
-0.9468993693590164, -0.22758018225431442
-0.9712157249450684, 0.7992815971374512
-2.245938628911972, 0.6424679607152939
-1.5995653308928013, -0.29947671573609114
-1.4170341193675995, -0.49802953004837036
-0.22409632802009583, 1.0480733215808868
-3.3152215480804443, -0.4353865534067154
-1.9652575887739658, 0.7129181325435638
0.3475111722946167, 1.6147465258836746
-1.4719213247299194, -0.3317267373204231
-2.859221011400223, 3.5962236523628235
-3.883609876036644, -0.028260797262191772
-3.6678544878959656, 0.43791593238711357
-1.57616326212883, 0.42644739151000977
-1.5071904063224792, 1.3472502194344997
-2.9849311262369156, 1.8975178799591959
-0.6216849386692047, 0.4293416440486908
-0.7432589083909988, 1.180042713880539
-1.7444929331541061, -0.5645420104265213
-2.1971094012260437, 1.4534059762954712
-1.7844389975070953, 1.1485670432448387
-1.8002010434865952, 2.3104464411735535
-1.2881772816181183, 1.1982059478759766
-1.893973857164383, -1.6769686937332153
-2.074506163597107, 0.39491692557930946
-1.307837814092636, 1.0987608432769775
-1.5858278647065163, 0.5097223212942481
-1.332705795764923, -0.7572313025593758
-0.23086664080619812, -0.6795386038720608
-1.7458338737487793, 0.338184654712677
-1.1600534468889236, 1.9390144646167755
-2.6411855816841125, 0.8404677212238312
-2.2404428124427795, -0.35507752373814583
-1.4531055092811584, 1.2554941475391388
-1.0847393721342087, -0.24458415061235428
-1.584461085498333, 1.2373544871807098
-2.0553772151470184, -0.05182559788227081
-0.9577405452728271, 1.9494076371192932
-1.4319404363632202, 0.34892523288726807
-1.4852890092879534, -1.072084404528141
0.7296671122312546, -3.715889908373356
-3.7292138934135437, 2.4609022736549377
-2.3370455373078585, 0.13258763030171394
-1.0441287159919739, -0.24390604719519615
-3.2970972061157227, 0.04194893687963486
-2.5807148218154907, -0.5034707772865659
-0.4046680722385645, -0.043994031846523285
-0.2084951912984252, -0.05576235055923462
-0.9421784430742264, 0.27586379647254944
-2.257086541503668, -1.2530629932880402
-2.7030505537986755, 0.35120096802711487
-1.2193332314491272, -1.0129811186343431
3.345443995902315, 0.5919143103528768
-0.6320146918296814, 1.3881790339946747
-1.379212273284793, -0.8316637426614761
-0.9501017332077026, -0.8277068436145782
0.613871693611145, 0.5538787841796875
-0.6113642826676369, -0.31426042318344116
-0.5567139089107513, -0.6311455853283405
0.0036485716700553894, 0.16179001331329346
-2.004179358482361, -0.24081523716449738
-1.1135713756084442, 3.1222721934318542
-3.484043151140213, 2.105105174705386
-0.3942330330610275, -0.5585881993174553
-2.3352769017219543, -0.5651425123214722
-0.43305522203445435, 1.288567692041397
0.08945107460021973, 1.8735028952360153
0.7235667705535889, -2.6195502281188965
-3.086177296936512, -1.959111049771309
-2.77516907453537, 0.2832794785499573
0.005502037703990936, -0.695582926273346
-3.1632561683654785, 1.0277377516031265
1.204460322856903, 0.5305458605289459
-1.9904290959239006, 1.8742096163332462
0.15277701616287231, -1.2257983833551407
0.6635472699999809, 0.3461734279990196
-2.3791011571884155, 4.290864437818527
-2.564083158969879, 0.1264140009880066
-0.3624776154756546, -0.6417483985424042
-0.7149488180875778, -0.20212893187999725
-0.3565519005060196, -0.9955004155635834
-2.4079920053482056, -2.480607435107231
1.7278414517641068, 0.9561727643013
0.09261126350611448, -1.5704811215400696
-0.4922451674938202, -0.7067420277744532
-2.2829558849334717, -1.917879119515419
-2.6034125983715057, 0.9680255055427551
0.48945218324661255, -1.7051014304161072
-1.6111420691013336, 1.2095033824443817
-1.7204902172088623, 0.9604318141937256
-0.6770548522472382, -0.3292449787259102
-1.801771979779005, -0.2548360973596573
0.23387597501277924, -2.1645727530121803
-1.949926346540451, -0.7278519868850708
-2.8243258744478226, 0.06897507607936859
-1.9568361639976501, 0.4674902856349945
-1.3163159266114235, -1.1792412996292114
-1.940337061882019, 0.995380699634552
-3.6240369379520416, 0.7744482904672623
-1.4996980130672455, 0.6749551557004452
-0.37164557725191116, 2.728362914174795
-0.7613568007946014, 1.1062048971652985
-2.8822478353977203, 2.8336400389671326
-4.861229509115219, 3.7919583320617676
-4.32032460719347, -0.2559213563799858
-1.1034640073776245, 0.7838923521339893
0.31797629594802856, 2.2031634747982025
0.28203954361379147, 3.3341015055775642
-1.0101752169430256, -0.5587772522121668
-2.631554424762726, 0.0029625296592712402
-4.116653025150299, -0.08598657511174679
0.1455850638449192, 3.1390947103500366
-2.577672004699707, -0.7943828701972961
-1.375823663547635, -0.7854734361171722
-1.1297475695610046, 2.5936421379446983
-0.3118458390235901, 2.002297580242157
-2.4378366619348526, 2.1642395555973053
-1.2906508147716522, -0.2869107276201248
-3.4823441207408905, 0.1999000459909439
-2.49003803730011, 1.7055104076862335
-0.1432783305644989, -0.2623700797557831
-4.2000196278095245, 1.897849477827549
2.80198535323143, -1.3234387636184692
-4.275244768708944, 0.40486906468868256
-5.372409172356129, 2.1367641538381577
-2.280305951833725, 0.4967052396386862
-4.158131547272205, 2.8630916699767113
-2.9046040065586567, 1.0776405036449432
-1.1825202256441116, 0.4954356551170349
-0.18559780716896057, 2.5806498364545405
-0.5439588837325573, 3.3165748566389084
-2.0290377512574196, 1.0010211169719696
-4.095975711941719, -0.5950853154063225
-1.457964476197958, 2.575430892407894
-3.957417517900467, 0.48839978873729706
-1.7714371234178543, 0.5470007658004761
-4.1896847784519196, 0.30632907152175903
-1.652376428246498, 1.049422413110733
-2.589466765522957, 0.6517328694462776
-2.331769958138466, 3.8427298814058304
-2.1062768697738647, 0.21024152636528015
-1.9323769211769104, 0.6869625300168991
1.6334287736099213, 0.6065478920936584
-0.08857410401105881, 1.6683305650949478
0.2808089777827263, 0.9728239476680756
-0.7987461388111115, 2.307243138551712
-2.3379812240600586, 0.9234178885817528
-0.19955530762672424, -0.015278369188308716
-3.829744130373001, 0.20156599581241608
-1.3937452137470245, 0.0925481915473938
-3.2010810524225235, 1.0842155367136002
-3.819914788007736, -0.744365781545639
-3.7262901663780212, -0.18454183638095856
-2.552085280418396, 0.10411769151687622
0.001706697978079319, -0.9002800583839417
-3.33107191324234, 0.12546589225530624
-1.4506010934710503, -1.0636238362640142
-0.2914905771613121, 0.5480717271566391
-1.419792726635933, 2.4624996185302734
-3.5094843208789825, 1.3386448621749878
-2.7897819727659225, 0.22246262431144714
-3.8519708067178726, -0.6295543592423201
-2.4733227491378784, 0.9577435851097107
-4.100637402385473, 0.4279113858938217
-3.702086105942726, 0.588442824780941
-0.7190112322568893, 0.8175331056118011
-4.3682350516319275, -1.5562098026275635
-1.9545082449913025, -0.6116779074072838
-1.307773880660534, 0.7429696917533875
-0.5898090861737728, -0.08900252729654312
-0.3236039876937866, -0.374025397002697
-0.5550419315695763, -0.06491348147392273
0.31305126298684627, 1.7331944555044174
-1.0933415368199348, 1.8514825701713562
-0.8047393494052812, -0.28862215857952833
-3.0235575735569, -0.6213255822658539
-0.0736580342054367, -1.1560657620429993
-2.28368878364563, -0.6508475244045258
-0.32866813242435455, 0.5869222804903984
-1.459655523300171, 0.6509740054607391
-2.059362143278122, 2.3167588114738464
-2.678176626563072, -0.70108562707901
-4.651315867900848, 0.26035767793655396
-3.6081903502345085, 1.09012620896101
-3.339501738548279, -0.45136427506804466
-1.465408742427826, 0.6474458575248718
-2.832898885011673, 1.2637250572443008
-1.4258840158581734, -0.3568561226129532
-0.07684890227392316, 0.16041594743728638
-1.4229765981435776, 1.28938789665699
-0.09466376900672913, 0.9171043038368225
-1.0097633004188538, 0.7390600740909576
-0.1339461081661284, 0.6846227198839188
-1.682761326432228, 0.3648265302181244
-2.9723024368286133, 0.619769424200058
-2.665315955877304, -0.9363156259059906
-3.9040889590978622, 2.184378743171692
-3.359902370546479, 2.354338675737381
-1.1459264755249023, 3.3960873782634735
-0.7686105072498322, 1.5287141129374504
-1.8617705404758453, 1.6206758469343185
-1.736540824174881, -0.6621728539466858
-1.4481191784143448, 2.0326272547245026
-2.080910801887512, 1.1707851737737656
-3.6325584053993225, -0.2643895372748375
-0.8453413248062134, 1.002685433253646
-2.5177340172231197, -0.058602362871170044
0.6951402500271797, 1.7406740188598633
-1.6528031677007675, 1.4484352581202984
-0.6102919369004667, 1.6132262498140335
-3.1341477185487747, -0.1908276081085205
-3.2683805972337723, -0.5564972758293152
-3.2574200332164764, 0.3501186966896057
-3.4686569571495056, -0.77890944480896
-3.4221400022506714, 0.3952772617340088
-3.064448803663254, 0.3421154320240021
-3.5253235921263695, -0.5061176270246506
-4.780912935733795, 1.1193689592182636
-3.023910738527775, -0.5989948064088821
-3.2149514257907867, -0.0829026959836483
-2.483650967478752, -0.5964272879064083
-3.8765205051749945, 0.4908951222896576
-3.29417135566473, -0.6311696618795395
-3.3662522062659264, 0.024019692093133926
-2.7643606662750244, -0.3697287291288376
-3.8248427510261536, 1.4753962457180023
-3.0574952960014343, -0.6042209733277559
-1.8941286662593484, 0.867716521024704
-4.094458788633347, -0.2409869134426117
-2.9644617987796664, 1.93303008005023
-3.266351416707039, -0.3049297109246254
-1.8593296557664871, -0.07677409052848816
-3.2795249670743942, -2.610229842364788
-3.631508857011795, -0.10868635773658752
-3.9959215596318245, 0.4111885130405426
-0.967735692858696, 0.40191930532455444
-2.554495722055435, 0.5214998126029968
-2.220509685575962, -0.6064719259738922
-3.831452116370201, -0.40799467265605927
-1.5670147091150284, 0.5444039702415466
-0.3578101843595505, 1.1335811913013458
-1.7720499336719513, 1.2718762308359146
-3.4869934022426605, -0.47120264545083046
-2.2143630385398865, 0.027682825922966003
0.8754109442234039, 1.4812490046024323
-2.668324526399374, 1.407249540090561
-2.5621858406811953, 0.39917486906051636
-1.7450475040823221, 1.9339333176612854
-2.996911197900772, 2.1217117607593536
-1.624222069978714, 1.774614155292511
0.6646952033042908, 1.5082632005214691
-3.396629899740219, 1.4938437044620514
-2.9047736823558807, 0.5944419503211975
-0.9201464653015137, 0.5354814231395721
-1.0595679059624672, 2.4151371717453003
-2.0823555067181587, -0.45403867959976196
-2.0426762253046036, 1.6649332642555237
-1.3822378069162369, -1.5566168427467346
-3.720834607258439, -0.13334921002388
-3.234169151633978, -0.0670991837978363
-2.6834008991718292, 0.7875772640109062
-1.3008397333323956, 1.3574251905083656
-2.10827099904418, 0.9614853262901306
-1.1182429566979408, 1.0424192696809769
-1.1107566058635712, 1.6900189407169819
-1.819692075252533, -0.2537517249584198
1.7797674648463726, -3.2414125353097916
-0.2002576943486929, -0.41378046572208405
-3.2677274346351624, 0.7946859942749143
-0.24355551786720753, 1.6224715262651443
-1.6207916960120201, 0.9189913347363472
-3.8093969523906708, 1.140214741230011
-0.9476408958435059, 7.072538137435913E-4
-0.7058839164674282, 1.38796766102314
-4.690095812082291, 0.6918421983718872
-1.999830685555935, 4.882113814353943
-0.08312375284731388, 0.42213931679725647
-0.5860836803913116, -0.4319877177476883
-1.6261508129537106, 0.0349334180355072
0.6029685139656067, -0.9251134991645813
-5.4863512217998505, 2.0130589343607426
-1.183061882853508, 1.88115756213665
-2.046566665172577, 0.3601243495941162
-1.2845628410577774, -0.5653047151863575
-0.8353641629219055, -1.0274450182914734
-1.1978515535593033, 2.3682070076465607
-1.939650185406208, -0.2803833894431591
-5.701502114534378, 2.6486913273110986
1.6688741222023964, -1.1240296810865402
-1.748543806374073, -0.9431532472372055
-0.5484277009963989, 1.4845669493079185
-1.885318636894226, 1.371999379247427
-0.5775130838155746, 0.20735912024974823
-1.976795956492424, 0.8269145488739014
-0.40394512563943863, 1.128833830356598
0.21959398686885834, 3.365151986479759
-2.8244108706712723, 1.9225134402513504
1.2219828069210052, 4.082830063998699
-2.0163316130638123, 0.8678939342498779
3.118901778012514, 0.858942836523056
-2.9803612679243088, 0.11289140582084656
-1.9851174056529999, 1.8294894397258759
-2.619093954563141, -2.0916407227050513
-1.3715002685785294, -2.337368458509445
-1.9626665897667408, 0.8762803189456463
-2.494954615831375, 1.165881097316742
-3.5761197805404663, 1.9944519102573395
-1.0231465995311737, 1.3450640961527824
-3.1017554998397827, -0.04371125949546695
-0.9848321229219437, -0.6469582915306091
-2.382671609520912, -0.4385524392127991
-3.2476012110710144, 0.2512393295764923
-1.1960889473557472, -5.302895784378052
-1.5878190621733665, 0.5807413309812546
-0.5000163316726685, -0.017700492404401302
0.5181030631065369, 1.284973569214344
-1.7499006912112236, -0.9935466796159744
-1.0706480741500854, -2.8651319220662117
-2.3655814975500107, 1.6127681359648705
-0.9340025186538696, -0.7516593709588051
-2.839166149497032, 0.3488492155447602
-1.3220002930611372, 0.617091566324234
-1.6376154869794846, 3.2055303901433945
-1.9443589895963669, 0.3678974360227585
-2.6425325721502304, 0.26699966192245483
-3.897927924990654, 0.9872210025787354
-1.824199490249157, -0.9809813350439072
-0.5540831089019775, 1.038190979626961
-3.148637529462576, 1.4685874283313751
-1.886960068717599, 0.17362815141677856
-1.8116873316466808, 0.6675920337438583
-0.6114897131919861, -0.007068164646625519
-2.6281697005033493, 0.04228282207623124
0.29563218355178833, 1.6499051451683044
-3.8004376888275146, 1.470593573525548
-2.843328893184662, 0.3711867034435272
-3.8841508626937866, 2.1209856271743774
-4.212415188550949, -1.3952066972851753
-2.0102656930685043, 1.9628773033618927
-3.292629398405552, -0.7416867613792419
-2.9464193247258663, 1.1944113373756409
-2.0105445981025696, -0.7490372362080961
-1.750817283987999, -0.5676822513341904
-1.9613050036132336, 0.46833842620253563
-4.3466722667217255, 0.6149354130029678
-0.5341121735982597, 0.6964704990386963
-1.4264844506978989, -1.4632681272923946
-2.6903550177812576, -0.396135151386261
-3.191782295703888, 0.45800644159317017
-1.5457273423671722, 0.5051602721214294
-2.4263502657413483, -3.6082645803689957
-0.9552111923694611, 1.478794902563095
-0.956815093755722, 0.868738129734993
-3.1174049079418182, 0.6562737226486206
-1.7683414220809937, 0.24812424182891846
-1.0469777882099152, 0.6202190816402435
-3.8110235668718815, -0.5831167101860046
-1.8409861028194427, 2.046720117330551
-2.682509809732437, 1.1386077105998993
-0.6813046336174011, 1.2209161072969437
-0.5800040066242218, 0.5139760812744498
-1.7534385174512863, 0.8599749058485031
-1.47987399995327, 4.335162162780762
-2.006639212369919, 2.254938527941704
-0.41031771153211594, 1.0269434750080109
-3.4286713302135468, -0.31229475140571594
-5.60125732421875, -2.3078224658966064
0.7318401038646698, 1.9114575386047363
-0.1100551038980484, 0.47444766759872437
0.49142711516469717, 2.3886566758155823
-3.190074823796749, 1.403869953006506
-1.2962207049131393, 0.7430694997310638
-0.5726899355649948, -0.9761108160018921
-3.1376563906669617, -0.40730592608451843
-1.0822357535362244, 0.049437522888183594
-2.1990579068660736, 0.7997443825006485
-2.965611681342125, -2.1437933146953583
-2.5855905264616013, 1.3582319617271423
-1.6266816928982735, 0.9959414005279541
-1.9384247362613678, 0.2682579942047596
-1.874999299645424, 0.6111806333065033
-1.2520803734660149, 0.9974265396595001
-2.0337811335921288, 2.489365376532078
-2.7907469160854816, 0.9275815188884735
0.5755676478147507, 2.656385838985443
-2.494563192129135, -1.374824543017894
-1.9727356508374214, 0.48689529299736023
-2.1311267614364624, 0.889305830001831
-1.9772808104753494, 0.6449224650859833
-2.7199423238635063, 0.9128517955541611
-1.5127883404493332, 0.27330219745635986
-2.902937561273575, 0.011720329523086548
-1.7339131534099579, 1.4898613318800926
-3.2345229163765907, -0.51427061855793
-2.800841510295868, 0.28960078954696655
-4.111665040254593, -0.011896520853042603
1.013094186782837, -0.093965545296669
-1.4889885783195496, 0.10828706622123718
-3.09949292242527, 0.11070019006729126
-2.036457221955061, 2.985005795955658
-2.6163936853408813, 5.454885423183441
0.7199937105178833, 3.5201381146907806
-1.5267271101474762, -0.03421908617019653
-2.3307547233998775, 0.3680213689804077
-1.6533015966415405, 3.170593947172165
-2.217445030808449, -0.170535147190094
-1.1268619000911713, 1.5129198133945465
-4.239816039800644, -1.996008038520813
-1.882700562942773, 2.069108247756958
-1.834469199180603, -0.02120441198348999
-1.1550978124141693, -0.6389488279819489
-2.8233987921848893, 0.46065153181552887
-2.3404301404953003, -3.570024386048317
-2.089813210070133, 0.32783618569374084
-1.3376299515366554, -0.9204574525356293
-3.866297908127308, 2.5874341018497944
-2.5085869431495667, 0.4003283679485321
-0.9076454043388367, -0.14046381413936615
-3.617623195052147, 2.092000424861908
-2.25142502784729, -1.1566881388425827
-2.101675808429718, -0.313137412071228
-0.18381184339523315, -1.567622184753418
-1.9806059673428535, -1.3075195327401161
-3.971723021939397, 1.3829455450177193
-3.4652492105960846, 1.6155562549829483
-0.6023819064721465, 0.6377894878387451
-4.188219666481018, 2.2579419314861298
-2.5318678617477417, 6.55420258641243
-1.12434521317482, 1.4498007148504257
0.7759752571582794, -0.11876669526100159
-1.615324430167675, 2.8923510015010834
-1.4749980717897415, 0.2075836956501007
4.677599310874939, 0.2461845725774765
-4.580835856497288, -0.9672178216278553
-1.4162028431892395, 2.549702525138855
1.8365671075880527, -2.894402965903282
-3.2028341591358185, 0.8629584312438965
-4.751505002379417, -1.3538730144500732
-0.09982787817716599, 0.5777938328683376
-4.0463890209794044, -0.06243227422237396
-2.9414013996720314, 1.159447431564331
-1.8131187125109136, 1.657855600118637
-1.7526750266551971, -0.8350957334041595
-1.3748759478330612, -0.40934016183018684
-0.43621907383203506, 0.4915018677711487
-1.390244291163981, 0.2838559150695801
0.5153756588697433, -2.92093762755394
-1.3814942128956318, 0.2938685715198517
-3.3635770976543427, 0.9622676372528076
0.7281446754932404, -0.44966772198677063
-1.7546808794140816, -2.6434178054332733
-0.1510235071182251, 1.3114887587726116
-3.511177122592926, 1.6243240609765053
0.6950348764657974, 1.039777785539627
-2.4179733991622925, 1.077246606349945
-0.7212286479771137, 0.9652491696178913
-2.962435597553849, 1.7251537293195724
1.4765704870224, 2.345648914575577
-1.8007526695728302, 0.9354258179664612
-2.054765224456787, 0.6731256544589996
-3.5454032458364964, 0.2230801284313202
-0.6248576585203409, 3.0969111919403076
-3.22747316211462, 0.8756681866943836
-0.3373533636331558, 1.572257861495018
-3.5207338705658913, 0.7522977897897363
-3.99269562959671, 1.540871262550354
-2.8803083151578903, 1.9114745259284973
-2.1195242032408714, 1.8940612375736237
-4.414736986160278, 0.23381447792053223
-3.348081558942795, -0.6763826310634613
-2.3237708806991577, 3.4344370868057013
-3.0656738579273224, 0.45425155758857727
-2.1179240494966507, 1.923877626657486
0.7210324443876743, 1.1685799909755588
-2.4729618430137634, 1.0632982924580574
-3.040812849998474, -0.2552803158760071
-0.5402339994907379, 0.08205511048436165
-1.764811247587204, 1.1004770696163177
-1.2179759293794632, 1.4170376658439636
-2.149984210729599, 1.083192857215181
-1.7978319115936756, -0.16159111261367798
-1.823334962129593, -1.4411238431930542
-0.8979254961013794, -0.7259510159492493
-1.9306855499744415, -1.4427310079336166
0.5275640711188316, -2.194337233901024
0.7883729934692383, 0.8420072495937347
-2.2809664458036423, -0.7663054466247559
-3.0283451974391937, 1.2694504633545876
-1.159560114145279, 0.3984489440917969
-2.7098585069179535, 0.374617300927639
-0.19208825379610062, -2.2320849783718586
-0.25133419036865234, 3.1719791889190674
0.8053537905216217, -1.5778589975088835
-5.383156828582287, 0.19658496603369713
-1.2743211388587952, 0.6252923011779785
0.013007491827011108, 1.70211161673069
-3.7418491169810295, 0.1636689007282257
-5.055964112281799, 0.31467198580503464
-0.5130552500486374, -0.6162564158439636
4.628233164548874, -5.4946103394031525
-0.4902694448828697, 0.06618480570614338
-0.13139253854751587, 1.4628671444952488
-2.444099336862564, 0.6084263324737549
0.7179537117481232, -1.2589095532894135
0.6720876544713974, 1.1103951185941696
1.4887161853257567, -0.07252362370491028
-0.5437837392091751, 2.61906635761261
-3.613994160667062, 2.6990330070257187
-0.9896313548088074, 4.095001846551895
-0.5471723601222038, 0.3134682271629572
-4.688863098621368, 1.4749707579612732
0.6727090626955032, 0.6553922295570374
0.7448742985725403, 4.4554363489151
-3.540596904233098, 0.893658459186554
-0.659273773431778, 0.17333321273326874
-4.303680904209614, 1.6633374691009521
-0.8047393494052812, -0.28862215857952833
-5.029243350028992, 1.9178626388311386
-2.7924278806895018, 0.7874848246574402
-0.12904946506023407, -2.1564051508903503
-0.5045169964432716, -0.9401783794164658
-2.5524727404117584, 2.0551234781742096
-0.70815709233284, 1.7254292666912079
-2.3524197340011597, -2.5581310568377376
-2.682920128107071, -0.8907917886972427
-4.8975377678871155, -3.07810378074646
-3.277509458363056, 1.5533511154353619
-3.3667002795264125, 1.2791032195091248
-2.3947835667058825, 2.7318847626447678
-3.569717139005661, 1.1299821436405182
-1.6654602885246277, 1.6976427976042032
-2.2736851572990417, -0.09669950418174267
-2.8779984936118126, 3.301913119852543
-2.373679928481579, -0.5230012685060501
-1.296174393966794, 0.9711312502622604
-4.009401172399521, 0.5066440403461456
-0.8463805317878723, 1.9002715796232224
-3.342470496892929, -3.1495542004704475
-1.0136032849550247, 1.7745941802859306
-2.025864213705063, 2.5985401943325996
-2.846684969961643, 0.48054554127156734
-0.3021588772535324, 1.63990218937397
-3.029058277606964, 0.38317257910966873
-3.0050683319568634, 1.6934101581573486
-1.7903230488300323, -0.4378948211669922
-1.2596027553081512, 2.272719591856003
-2.976208120584488, -1.1588117629289627
-1.695312038064003, 0.636504665017128
2.0878742933273315, 1.360210433602333
-0.7539384514093399, 4.6436426639556885
-0.8366895727813244, 2.5197332203388214
-2.79123193025589, 0.13657738268375397
-0.5374937765300274, 0.8709454275667667
-3.7260556668043137, -0.7373872995376587
0.05069476366043091, -0.9637790769338608
-2.720440447330475, -1.298627134412527
-0.9824212677776814, 2.314056098461151
-2.3700475841760635, -0.5724946111440659
-1.3211595118045807, -0.25140687823295593
-1.5903967060148716, -0.5145789235830307
-1.417188748717308, -0.2884216755628586
1.5443029906600714, -1.4093864299356937
-2.1423172731883824, -0.2626502737402916
0.490840882062912, -3.5416804626584053
-1.08767968416214, 2.837590843439102
-0.251436710357666, -4.585237285587937
-2.276644930243492, 1.6377757610753179
-1.397102102637291, 2.5130558609962463
-2.775523066520691, 3.7095311284065247
-1.5545584559440613, 0.03653835877776146
-1.6692600399255753, -1.4466799050569534
-0.36467669159173965, -0.18347049178555608
-0.782913014292717, 0.34586045145988464
-4.023625463247299, -0.06743264198303223
-1.3232111488468945, 0.7222482562065125
-2.6819893270730972, 2.1232192534953356
-2.7400947362184525, 0.40898992493748665
-0.9920633733272552, 0.8702658303081989
-2.3354532122612, -0.7810313850641251
-2.283142238855362, -2.8945903182029724
-1.1322620809078217, -2.1808191537857056
-2.0660955160856247, -1.2467465475201607
-2.2967075407505035, -0.05311322212219238
3.7446458525955677, -1.8923155963420868
2.4227856565266848, 1.3295187583426014
-2.5189487040042877, 4.532193385064602
-1.9735330939292908, -0.39398761093616486
-0.5952416472136974, -0.2317623496055603
3.171473916620016, 0.6237029135227203
-1.9544342570006847, 0.1401234269142151
-1.2330278605222702, -0.290739044547081
-2.2808716977015138, -2.645302891731262
-4.549246862530708, -0.3012375682592392
-3.2621012330055237, 0.25084374845027924
0.23147638142108917, 1.3405945897102356
-1.4411707259714603, 0.23408982157707214
-2.8520548045635223, 1.9310885667800903
-1.5563068240880966, -2.052320033311844
-0.11072497814893723, -4.479921534657478
-2.305083692073822, 1.6772597432136536
-0.7769017349928617, 0.5620108544826508
-4.133499704301357, 5.060155779123306
-1.50117626786232, -1.296617791056633
-0.3377017378807068, 2.1467284373939037
-1.4127754271030426, 0.5993476212024689
-1.697451800107956, 0.26129981130361557
-1.577954888343811, -0.1476336163468659
-3.818318210542202, -2.412853579968214
-1.7512403428554535, -1.449965015053749
-5.074095547199249, 2.2056360691785812
-3.4625667203217745, 0.5788716673851013
-1.6423273831605911, -0.3022982906550169
-3.9903346486389637, 1.9377588033676147
-2.888567864894867, 0.6251850724220276
-2.282756194472313, -2.7143518812954426
-0.829996544867754, 1.9659152030944824
-2.9641782138496637, 3.073393940925598
0.7468979805707932, 2.809053882956505
-1.7209723591804504, 1.6765930503606796
0.19558129087090492, -2.955789715051651
-0.9534318745136261, 1.0246168840676546
-2.832483172416687, -0.0964069589972496
-3.002048686146736, 1.8022941797971725
-0.9793035015463829, 0.6847279071807861
-1.5889095962047577, 0.3392017260193825
-0.7459014654159546, 3.3681946396827698
0.03584655374288559, -0.7686665989458561
-2.7184245884418488, 0.026118338108062744
0.9785504844039679, 0.41661474108695984
-1.918567955493927, 0.6495854705572128
-2.1183810383081436, 4.356161415576935
-0.7888820767402649, 1.1098087299615145
0.9212966188788414, 1.3380469381809235
-1.1666707545518875, 1.852000504732132
-2.604655608534813, 0.15510224923491478
0.3648856580257416, 1.6558511555194855
-0.5952416472136974, -0.2317623496055603
2.586830198764801, -1.7183856293559074
-1.1251312643289566, 1.9617160372436047
-0.9147171974182129, -0.3183366544544697
-0.5525401746854186, -0.23659813962876797
-0.3277764171361923, 1.8238185495138168
-0.005472153425216675, 3.2641873955726624
-0.6309627890586853, 4.0629622638225555
-1.8252720832824707, -1.8110316842794418
2.0171770602464676, 4.3957070875912905
-2.991033434867859, 1.0093605350703
-1.9367825388908386, -1.5668719708919525
-0.6328445822000504, 0.12783335149288177
0.5384746640920639, 0.886641226708889
-2.258925849571824, 4.954135239124298
0.7905328273773193, 0.11845669895410538
-2.0625114738941193, 0.5440696775913239
-2.3478521704673767, 2.8607385754585266
-2.152325749397278, -0.03208568145055324
-0.959677985869348, 0.2584243416786194
-2.9162431955337524, 0.31085315346717834
-2.233851194381714, 0.9129550904035568
-1.411508500110358, 2.0580557882785797
-3.0838791131973267, -1.6787437945604324
-3.657609283924103, 1.5592858791351318
-3.4884911477565765, 0.9069273769855499
-1.1054774820804596, 1.6047399938106537
-1.9371773153543472, 1.1024312232621014
-2.364191174507141, 2.2611367106437683
-3.1790561378002167, -2.73969466984272
-2.261543929576874, -0.6008232906460762
1.778958898037672, -3.2815351337194443
-1.0409751534461975, 1.0101641416549683
0.08048936724662781, 1.7967281937599182
-3.4023931473493576, -0.6753719747066498
-3.8463477082550526, 2.012393072247505
0.9892618581652641, 0.8723482489585876
-2.933255910873413, -1.0113267302513123
-3.815902143716812, 2.3843082189559937
-1.1521422564983368, 0.5123468935489655
-0.9773173052817583, 1.3697218615561724
0.10390707850456238, 1.4405832961201668
-3.659505307674408, 1.0528750270605087
-1.8820236325263977, 2.1036301106214523
-4.5516825169324875, 3.000814914703369
-0.7315880060195923, 0.09631354361772537
-0.7477543950080872, 1.6150471344590187
-3.875566303730011, 0.12769605964422226
-2.2131958454847336, 3.7692813873291016
-2.321273465640843, 1.3388632601127028
-0.5171666145324707, 0.3682022839784622
1.6034584045410156, 3.411561131477356
-1.5231093689799309, 0.3974173367023468
2.4312808513641357, 2.6802883446216583
-1.6982622370123863, 1.9892479628324509
-0.1864813268184662, 1.3100214302539825
-2.4428143054246902, -0.5682136602699757
-2.493020325899124, -0.1259240061044693
-0.4222889915108681, -0.9892849028110504
-6.157895565032959, 1.1997966319322586
-2.3420898856129497, -0.7287723198533058
-3.1467136442661285, 3.5910955667495728
-4.9628830552101135, 0.9006598740816116
-4.002796396613121, -0.36025288701057434
-2.614540755748749, 2.413041066378355
-1.6090085059404373, 1.2860413789749146
-2.784706950187683, 2.2251547053456306
-1.6767845153808594, -0.6700262427330017
-1.5843861103057861, 1.3025297224521637
-0.3230109140276909, 4.87560760974884
1.0871242843568325, 0.8366233030974399
2.2286306992173195, -1.8685656636953354
-2.4158763214945793, 2.760774850845337
0.3982625948265195, -1.3295772075653076
-1.5964564979076385, 0.8912389744073153
-0.5217448174953461, -3.0637474805116653
0.913247334305197, 1.6614066660404205
-1.411757692694664, -2.5006657037883997
1.9330295510590076, 0.33571404218673706
-2.1965372217819095, -5.087370574474335
1.5830285996198654, -0.8790036141872406
-2.559363842010498, -0.2908030338585377
-0.3938935399055481, 1.2001428455114365
-2.540084421634674, -1.4912273697555065
0.9467551112174988, 2.058535546064377
-0.5803801417350769, -0.020843684673309326
-1.710047721862793, 1.997386984527111
-1.062385767698288, -1.3699997961521149
-1.6647129952907562, 0.08517958223819733
-0.9406896606087685, -0.397521510720253
-0.1527356505393982, 1.682706281542778
-6.304377555847168, 2.756624937057495
-0.8082394301891327, 1.0251537188887596
-1.049370214343071, 1.984056293964386
2.1350818276405334, -0.19861219823360443
-1.6745091080665588, -0.9359798692166805
-4.171177998185158, -1.5978717505931854
-0.3745576739311218, 0.0026493072509765625
1.453894168138504, 2.8551179692149162
-0.9265996627509594, -2.0534090995788574
-1.851361334323883, 1.175188273191452
-2.0041809882968664, 0.35176897048950195
-1.507248342037201, -0.03873440623283386
-0.320658914744854, 2.547855496406555
-0.5643339455127716, 2.0998959243297577
-1.4391018599271774, 1.4848769903182983
1.862956853583455, 1.6370858531445265
-1.3951324792578816, 2.194658502936363
0.2510703504085541, 3.8017790392041206
-0.5635670218616724, -0.4376441612839699
-1.8109532594680786, 0.7690878063440323
-1.7121603786945343, -0.28717246651649475
-1.2017259001731873, -1.3778724670410156
-3.6828162260353565, -1.0743404775857925
-1.214462697505951, -1.1701294779777527
-2.363512471318245, -1.064635120332241
-1.5380685776472092, 0.7087157368659973
-1.250537671148777, 1.4115723669528961
-3.0187636017799377, -1.947466615587473
-2.4290414676070213, -0.19552353071048856
-0.502089336514473, 1.8128083646297455
-0.767853856086731, 1.709377110004425
1.042929470539093, 0.23941871523857117
-2.27588177472353, 5.492856293916702
-0.6874704957008362, 1.8771821409463882
-2.998569905757904, 1.8181443214416504
-0.2843429744243622, -0.8444713801145554
-3.484689772129059, 1.9336889684200287
-3.484925791621208, 0.7669539153575897
-0.9680881500244141, 2.0336209535598755
-1.9314108118414879, 0.6883776672184467
-5.285364046692848, -1.4013992473483086
-2.7323617935180664, 0.7234578728675842
-0.013100594282150269, 2.113177627325058
-3.53237733989954, 1.5909322500228882
0.2291349619626999, 2.0428336560726166
-0.5542583875358105, 0.14505830220878124
-5.543017506599426, -0.4402002692222595
-0.19546347856521606, 2.3367394655942917
-2.0250212401151657, 4.207579679787159
-1.3327481150627136, 0.34041930735111237
-3.014962613582611, 2.2697843611240387
-0.8473790809512138, -0.67617167532444
-5.859046429395676, 0.18166851997375488
-0.6901408266276121, 2.1724395155906677
0.8481922894716263, 1.8382956981658936
-5.818095833063126, -1.5384034384042025
-2.1168924048542976, -3.1035411059856415
-2.5070214718580246, -1.144992157816887
-5.3204731941223145, 0.23074052296578884
-4.189872927963734, -2.698200911283493
0.5656497776508331, 2.4693736135959625
-0.5853074193000793, -4.705760706216097
-3.9281067550182343, 1.324869692325592
-3.0197938084602356, 3.846420541405678
0.7499059587717056, 3.260226547718048
-4.854821652173996, 1.2135822772979736
-2.2615150418132544, 0.7708450928330421
-0.15617692470550537, 3.9011761844158173
-5.254072904586792, 4.696549698710442
-0.8574018143117428, 2.146615117788315
-3.862959143705666, 3.968966357409954
-3.236356884241104, -1.280640959739685
-0.09750214219093323, -1.664800375699997
-0.44872137904167175, 1.5037946812808514
0.2197076678276062, 2.690485656261444
-1.3031446933746338, 4.421453142538667
-2.2249505817890167, 0.8512272443622351
-3.07991561293602, -1.1849104762077332
-2.6760544888675213, -1.9376914203166962
0.5358690917491913, -0.2691371738910675
-3.863891783170402, 1.5572844184935093
-3.0933023542165756, -0.6353369057178497
-1.2337594330310822, 0.22943231463432312
0.006420806050300598, 0.04048124700784683
-1.6284182406961918, 1.3982168324291706
-0.48343675583601, -1.0736756324768066
-3.746629610657692, 1.9228263832628727
-0.8576979339122772, -0.3627297282218933
-0.9605739489197731, 1.983572244644165
-3.267875462770462, -1.3109593838453293
-2.0684744119644165, 0.6401565298438072
-3.287954658269882, 0.6031346619129181
0.44967331690713763, 3.324512243270874
-1.383993148803711, 0.11286906898021698
1.7029777728021145, 0.27474507689476013
-0.7332921708002687, 4.908964440226555
1.7422913685441017, 2.464565315283835
-0.9093246757984161, -0.6295585632324219
-0.4714602679014206, 0.1922173798084259
1.515015035867691, 1.9741484858095646
-1.0817211642861366, 0.9058679440058768
-2.9515880048274994, 0.6761084944009781
-3.6678419299423695, -1.0918799489736557
-1.5231155455112457, 1.8185384273529053
-2.1693735122680664, 0.8424091339111328
0.3706384748220444, 1.9611021280288696
-4.1051540076732635, 0.08944174647331238
-4.165351241827011, -0.6766858845949173
-6.376748204231262, 1.7453845143318176
0.11596020683646202, -1.2156886756420135
-2.3004478961229324, 2.606007844209671
0.7608585953712463, 2.235273063182831
-0.41304412484169006, 0.6310514509677887
-1.1770062446594238, 1.601233035326004
-3.3004785627126694, 0.4523065388202667
-1.0198134705424309, 1.320876270532608
-1.570694088935852, 0.8353026062250137
-3.0353187024593353, -2.4534155502915382
-0.2295169234275818, -0.5026115775108337
0.6079283580183983, 1.1545617580413818
-3.114728704094887, 2.0106123983860016
-3.7463261783123016, 2.7921713292598724
-3.822342611849308, 1.7320874333381653
-2.5129658430814743, 0.2857630252838135
-2.0883047059178352, 0.008647441864013672
-1.4224658906459808, -0.2392734382301569
-1.2102025784552097, -0.7190695405006409
-1.8737510591745377, -1.800070859491825
-2.6430346965789795, -1.5109296590089798
1.8276705518364906, 1.0653096809983253
-2.060817629098892, 1.3954744935035706
-0.7670897245407104, -1.4930034503340721
1.8788867890834808, 3.818954586982727
1.2637020330876112, 0.2384967841207981
0.8871708773076534, 0.24862998723983765
-1.868380643427372, 1.1477879285812378
-0.9175078272819519, -0.11949211359024048
-0.6166528463363647, 1.027896985411644
-1.7690013349056244, 2.1441673785448074
-5.2444058656692505, -0.9815784096717834
-0.7085537016391754, 3.6551192849874496
0.7056545540690422, 1.9768104255199432
-2.4777531921863556, -0.10673236846923828
-0.8604433946311474, 0.22129034996032715
-1.3144986033439636, -2.7974258363246918
-1.4334655553102493, 0.35081134736537933
-2.985868811607361, 2.9173182770609856
-1.3497229143977165, -0.8436768651008606
-2.5972969718277454, 2.982294738292694
-1.9018629640340805, 2.1048769056797028
-3.2477376237511635, 2.1846629232168198
-2.7627554833889008, 1.5181086361408234
-0.5606932044029236, 3.063413545489311
-3.054518237709999, -0.27975960075855255
-2.997172517934814, 0.8190314769744873
0.9438584297895432, 2.7921966910362244
-2.8469690680503845, 2.751733660697937
-0.42476770281791687, -0.12093353271484375
-0.7202191054821014, 0.050577111542224884
-1.8986798524856567, 0.05803433060646057
-1.8817461133003235, 7.388733893632889
-5.458695262670517, 0.7587578520178795
-1.3353871945291758, 2.429587699472904
-1.1034139841794968, -0.08058860898017883
1.2374418377876282, -1.9288033843040466
-2.9653136134147644, 1.1021136157214642
1.0415489375591278, -1.5540345460176468
-2.6007108092308044, -1.6954426728188992
-4.367002367973328, 4.468635469675064
-0.9186077266931534, -2.4898035004734993
-2.8719100952148438, -0.9895110428333282
1.4257158041000366, -1.7493375539779663
-1.842674732208252, 1.815788358449936
-2.2230172976851463, -0.2782284617424011
0.09001597762107849, 0.9113203287124634
2.2955190762877464, -1.0466952249407768
0.07335269451141357, 0.6716280430555344
-2.3472458124160767, 5.58984649181366
-1.2645630538463593, 1.8007396459579468
1.2762150913476944, 5.24246621131897
-0.26803484559059143, 0.9253435134887695
0.06890654563903809, 1.012866050004959
-0.8562409579753876, 0.05475601553916931
-0.447394538205117, 0.012926220893859863
-0.02488991618156433, -0.3772948533296585
0.9448207393288612, 5.525028824806213
-5.412983939051628, 1.518921673297882
-3.2302953004837036, 0.11383481323719025
0.6579302288591862, 3.219508808106184
-0.7385976761579514, 3.16450647264719
-2.5226986408233643, 0.06614696979522705
-1.7658527344465256, 1.2474530469626188
-2.1129007637500763, 1.3987196385860443
-1.7292352318763733, 0.9486435800790787
-2.06108894944191, 1.474353849887848
-3.4573612585663795, 3.4301616474986076
-5.587562471628189, 2.401772052049637
-2.220110340975225, 0.6558895409107208
-0.5014438778162003, 3.003038227558136
-2.0989120453596115, 0.3853741381317377
-3.4435109570622444, -3.0013399878516793
-0.8394967913627625, 1.2207185104489326
-3.182484481483698, -0.1938714161515236
-1.7982851415872574, -0.307731207460165
1.2733386904001236, -3.0149590969085693
-4.067044168710709, 0.5074866712093353
-0.3626648485660553, -2.1522814482450485
1.288743695244193, 3.041434422135353
-1.5662276223301888, 4.283384531736374
-0.8821720480918884, -0.30342574417591095
-2.1342833042144775, 4.987291365861893
-3.7153009176254272, 0.4552989825606346
-2.0338457226753235, 0.12679432332515717
-2.599937081336975, 1.2528887242078781
-0.9026050418615341, 4.576193407177925
-3.4906595908105373, 2.0853919833898544
4.025460917502642, -0.001254439353942871
-2.462307631969452, 0.9489380717277527
-5.48057921230793, 1.5864417850971222
-5.10953876376152, -0.3782449960708618
1.6821387931704521, 1.164359137415886
1.4285412430763245, 2.565259827300906
-1.8036295212805271, 3.601356089115143
2.221594363451004, 0.7556971609592438
-0.3407796323299408, 0.5796920359134674
-3.030086636543274, 2.5035715252161026
-0.3259010761976242, 1.5420420467853546
-2.5156110675015952, 1.7224406898021698
-3.0510466396808624, 1.7615817291662097
-1.9627255890518427, -0.029743671417236328
-0.2498289793729782, -0.19789177179336548
0.9049119353294373, -2.06650185957551
-0.7420283555984497, 3.5023039057850838
-1.14998397231102, 2.497551739215851
-1.3211960792541504, -2.7496573477983475
-2.1521036028862, -0.8314034044742584
-0.6821622774004936, -0.8116742372512817
-0.5116216763854027, -0.6087556481361389
-1.7802504003047943, -0.05653872445691377
-0.46386196836829185, -0.45493462681770325
-4.71322762966156, 0.8910662829875946
-3.1211122078821063, -2.2188321352005005
-1.835097998380661, 2.7662081122398376
0.6314815282821655, 1.6381483674049377
-0.7555153518915176, 0.5795979797840118
-0.3640551855787635, -1.2270535007119179
-1.6561747789382935, 0.3083835244178772
-0.25573862344026566, 0.9204103946685791
0.07716476917266846, 0.18791157007217407
-0.10624058544635773, 2.11471601575613
-0.4830646216869354, -0.8240474164485931
-0.09255214035511017, -0.6491243690252304
-2.0801688320934772, 0.01571541652083397
1.8661113679409027, 3.000817894935608
-0.18012061715126038, 3.0606792643666267
-1.6982483714818954, -2.6174062471836805
-0.2692826986312866, -2.3259664103388786
-0.0029447078704833984, -0.4465834014117718
-0.11061060428619385, 0.10022646188735962
-3.3604948818683624, -3.3762947022914886
-1.1135201789438725, -0.3038932979106903
-0.5849898383021355, -0.37534911930561066
-1.4824692606925964, 0.18241288512945175
-1.6257021501660347, -0.7007234394550323
-0.36761632561683655, 3.8778361789882183
-1.4469563774764538, -0.4905344545841217
-2.452706605195999, 2.168654814362526
0.16937291622161865, -1.5089876677375287
-0.8194538876414299, -1.4400897026062012
-2.212112307548523, -1.3079603612422943
-1.0989710837602615, -0.33170588314533234
-0.12415385246276855, -0.9639504253864288
-1.1128142029047012, -0.5332473739981651
0.7330541089177132, 0.673883281648159
-1.437328726053238, 0.2956848740577698
-2.215943783521652, 2.0928608775138855
-0.6889477968215942, 1.4556530714035034
-1.212609887123108, 0.5663819797337055
2.88541541993618, 2.7533344328403473
-4.286976635456085, -3.598660424351692
-3.991766994353384, 0.055286407470703125
-3.8765968084335327, -3.2653383314609528
-0.9090331792831421, -2.2142019644379616
-0.5325874090194702, -1.3465537875890732
-3.6694188937544823, -1.8508398830890656
-0.5192360654473305, 0.2459215745329857
-3.4698430597782135, 1.6627702116966248
2.1453649699687958, 1.2909537553787231
-0.38645247742533684, 0.7332194298505783
-2.056040048599243, 2.926993653178215
-1.6044211535481736, 3.608579158782959
-0.1614042790606618, -0.0641045942902565
-0.20514033734798431, 2.4758173022419214
-0.15783859603106976, -0.07343080639839172
-1.2286531329154968, -1.7637985348701477
-0.6559901237487793, 0.34351348876953125
-1.0952277109026909, -0.7374099493026733
-0.8847061395645142, -0.7411866933107376
-3.9024023711681366, 1.5124784409999847
-4.25821653008461, 2.0823673009872437
-2.264876388013363, -0.710382878780365
-1.1596020758152008, 1.485449779778719
-1.5025049448013306, 0.2627151720225811
0.4256797730922699, 1.685030773282051
-2.400732487789355, 0.7935251593589783
0.06639691907912493, -0.13320371322333813
-0.5393836498260498, 0.4258184740319848
0.7709336280822754, -1.291709154844284
-0.06498086452484131, -0.5164801329374313
-0.032490432262420654, -0.25824006646871567
-0.032490432262420654, -0.25824006646871567
-0.09747132286429405, -0.77472023665905
2.1002683974802494, 2.2723414599895477
-0.8438860774040222, 2.803309239912778
-1.7406065240502357, -0.12398055754601955
-2.673603892326355, 0.20719657838344574
-5.42634404450655, 0.6104962443932891
-5.254773557186127, 1.9710167720913887
-1.2459406554698944, 0.29290492832660675
-0.7672744365409017, 0.1954870969057083
-4.980929136276245, 3.928921863436699
-0.8682737499475479, -0.16850799322128296
-1.040363121777773, 1.4482994973659515
-1.8392866738140583, 0.6677494943141937
-2.0307652205228806, 0.6503382623195648
1.1257383078336716, -0.4810839332640171
-1.7479509226977825, 0.8224193826317787
0.8645076304674149, -0.47381584346294403
-0.8682737499475479, -0.16850799322128296
-2.4428772926330566, 0.2992095649242401
-1.4758490025997162, 0.9887040853500366
-0.5497426837682724, -0.06610937207005918
-0.9905042098835111, -0.9239217936992645
0.8508463501930237, 3.8710532933473587
-2.516182988882065, -1.149999886751175
-3.4864475578069687, -2.7754970639944077
-0.024274498224258423, 0.27944617718458176
0.7563613057136536, 0.04034789651632309
-0.8682737499475479, -0.16850799322128296
-0.36638619005680084, -0.88227578997612
-0.30623481422662735, 0.007116205990314484
-0.8767938315868378, 0.3992311954498291
-2.3415238708257675, -0.7428687810897827
-0.8682737499475479, -0.16850799322128296
-0.8682737499475479, -0.16850799322128296
-0.8682737499475479, -0.16850799322128296
-1.5064580589532852, -0.6460127308964729
-0.8682737499475479, -0.16850799322128296
-1.3657638132572174, 0.7235295176506042
0.2229402083903551, -0.06956039182841778
0.9794128984212875, 0.8507309928536415
-0.6517493277788162, 1.5179373621940613
0.32220880314707756, 0.05401230789721012
0.1270059049129486, -0.16149049997329712
-0.8549066036939621, -0.16161859780550003
-1.1196695752441883, -0.3708275109529495
-0.4617376998066902, 0.9756008982658386
-0.8682737499475479, -0.16850799322128296
-0.8682737499475479, -0.16850799322128296
-0.8682737499475479, -0.16850799322128296
-0.7382186353206635, -0.2966636046767235
-0.8682737499475479, -0.16850799322128296
-0.8708380162715912, -1.9249560832977295
-0.4139723628759384, 5.35624785721302
-1.6032533049583435, -0.7513814358972013
-0.49391721189022064, 0.35103604197502136
-0.75131870014593, -0.06515955924987793
-0.8682737499475479, -0.16850799322128296
-0.8803750276565552, -0.034837089478969574
-2.934491127729416, 0.9428105056285858
-2.3683510310947895, 3.469569683074951
-0.7165693789720535, 0.4834247138351202
-1.5007878504693508, 1.2390430867671967
0.18200312554836273, 0.37581565231084824
-2.7442343663424253, 4.260845243930817
0.6117327883839607, 0.12838926911354065
0.17079469561576843, 0.018569916486740112
0.035244815051555634, 2.183490067720413
-0.2268393337726593, -0.164262056350708
-0.03461560606956482, -0.21172473393380642
0.5322286188602448, -0.7320225238800049
-1.2416704650968313, -0.40853150375187397
-0.8901965618133545, 1.8133102878928185
-3.0481856763362885, 0.8490886688232422
-0.19255182147026062, -0.14445531368255615
-0.7438635546714067, -0.26153294555842876
-0.5964920222759247, 0.9020532742142677
-2.6636244356632233, 2.7954392805695534
-1.6132031381130219, -0.5457864627242088
-0.39895099401474, 1.4414272829890251
-1.8508275747299194, 1.6630525290966034
0.10107305645942688, 0.2633383050560951
-1.8520268201828003, 0.3243499733507633
-2.9292339235544205, -1.7371773049235344
-2.4694379763677716, 2.5269105434417725
-1.2158962935209274, 1.164370834827423
-1.0966457724571228, 0.6808582693338394
-0.2907708138227463, 2.522248737514019
2.570103570818901, -3.277570229023695
-2.232086703181267, 2.0326357781887054
-2.572027176618576, 0.6106229544384405
-0.6327067911624908, 0.7758709043264389
-0.7233042642474174, -0.16737781651318073
-1.4248771667480469, 1.6379154324531555
-1.4516282603144646, 4.412671249359846
-2.9851231426000595, -3.5319511592388153
-4.083524376153946, -0.5565632451325655
0.39385175704956055, 5.886129528284073
-1.1947955191135406, -0.2876552566885948
0.39233577251434326, 1.2600051760673523
-0.16023606061935425, -0.28545500710606575
-1.735232949256897, -0.4209117405116558
-2.142530843615532, 4.513960361480713
-6.0915334187448025, 2.1994442641735077
-1.3780943378806114, -0.09299073368310928
1.6146712116897106, 1.507366120815277
-0.4029395282268524, -0.28527387976646423
0.4646666646003723, -0.8404980758205056
0.25097740069031715, -0.5812335573136806
-3.316635012626648, -1.9766025245189667
-2.602992355823517, -3.917042151093483
-0.35019317269325256, 0.22978565096855164
-1.5602456033229828, -1.3977199494838715
-0.7354577574878931, -0.2561688292771578
-0.30623481422662735, 0.007116205990314484
0.3630314841866493, -1.2246110886335373
-0.7631841644179076, -0.2563318833708763
-2.112581141293049, -1.6385091058909893
-0.7467513680458069, 1.760315641760826
-0.9158252514898777, 3.0502334535121918
-1.1858497858047485, -0.2683395445346832
1.5238076862879097, 1.1944211721420288
0.9034808278083801, 1.5517621040344238
2.9673421680927277, 2.2414020858705044
-2.053060419857502, 1.9504333026707172
-0.6873429119586945, 2.7443384006619453
-2.1099745221436024, -0.20698699355125427
1.288743406534195, -2.3038644194602966
-1.1791759133338928, -3.380726519972086
-3.130338340997696, 0.6190981715917587
-2.380777172744274, -0.39776498079299927
-2.3162625380791724, -0.00651472806930542
-0.7211345359683037, -0.18175938725471497
-2.3349235355854034, -0.6429029405117035
-2.2597139924764633, 0.1603885442018509
-4.806618869304657, -0.7870068177580833
-3.0883500655181706, -0.008686229586601257
-1.5441750327590853, -0.004343114793300629
-1.0352314114570618, -0.34416043758392334
-1.5441750327590853, -0.004343114793300629
-4.741243839263916, 1.9287932813167572
-2.3162625380791724, -0.00651472806930542
-3.0883500655181706, -0.008686229586601257
-2.5227019041776657, -0.2226239824667573
-2.3162625380791724, -0.00651472806930542
-1.5441750327590853, -0.004343114793300629
0.44969332218170166, -1.151198573410511
-4.203539818525314, 1.8132648766040802
-0.6084449701011181, 0.1108020544052124
-1.2272655628621578, -0.3828999903053045
-0.8130881786346436, 1.172034427523613
-1.8664235025644302, 0.2764575034379959
0.37675683200359344, 0.16386046260595322
-0.42038920894265175, -0.3498167097568512
-0.5975620001554489, 4.3862044513225555
0.68903648853302, 0.3355201482772827
-2.2226555291563272, 0.8767933994531631
-3.2787250988185406, -1.829686164855957
0.5168882012367249, 3.4776008129119873
-0.9598064422607422, 0.3027912974357605
-0.17867882549762726, -0.05858893692493439
-0.7910608053207397, -0.23788288235664368
-4.264097131788731, -5.686739861965179
0.06369608640670776, -0.876461535692215
-5.063938498497009, 1.988116294145584
-0.9454865902662277, 2.0347077269107103
-0.927948821336031, -0.8393130302429199
-5.060177266597748, -1.6145532429218292
-0.11111349612474442, 1.231243371963501
-1.3036237210035324, 0.5436553955078125
-0.2600907804444432, 0.3620748743414879
-0.11923528602346778, -0.04033070243895054
-1.8831811249256134, 2.5633985102176666
-1.9438982456922531, 0.14977587759494781
-1.4749369211494923, 0.9970787167549133
-0.7840030435472727, 2.5075187757611275
-1.040363121777773, 1.4482994973659515
-0.2600907804444432, 0.3620748743414879
-0.2600907804444432, 0.3620748743414879
-1.0541856288909912, 0.18912273645401
0.016077952459454536, -0.2465965747833252
-0.5201815608888865, 0.7241497486829758
-1.040363121777773, 1.4482994973659515
-1.2336505316197872, 1.8455904517322779
-1.300453957170248, 1.81037437915802
-1.9008567333221436, -0.19192351400852203
-0.8646233975887299, 1.0213998332619667
-6.413498684763908, 2.8809594586491585
-1.4445213973522186, 1.2714667618274689
-0.7202771753072739, -0.1313723772764206
-2.4536292403936386, 0.43603041768074036
-1.7607942968606949, 0.39849425852298737
-1.115427851676941, 1.3923435136675835
-1.8231934607028961, -1.807216176763177
-2.610612064599991, 0.7006175760179758
-2.576478064060211, -1.670246422290802
-0.8743639327585697, 0.23603203892707825
-1.8064571917057037, -0.8954364657402039
-0.7295947428792715, -0.7441967129707336
-2.26340514421463, -0.6606122739613056
-1.2494094967842102, -1.2833470404148102
-0.5641999170184135, 1.1784993596374989
-1.4877271093428135, -0.5230658911168575
-0.6001676172018051, 0.21857409924268723
-1.448514211922884, -0.0706358253955841
-1.6112957298755646, 1.367970246821642
-1.6959103345870972, -2.236092984676361
-1.7226283885538578, 0.19992542266845703
-0.4946588948369026, -0.32270775735378265
-0.32526635378599167, -1.5791573226451874
-1.0136218704283237, -0.04472334124147892
-0.3792047053575516, -0.5885202437639236
-0.39675266295671463, -0.2689939849078655
-1.2077375277876854, -0.5036312639713287
-0.9568086564540863, -0.3683982528746128
-1.9136173129081726, -0.7367965057492256
2.0966718897689134, 1.1104585230350494
-2.3638074984773993, 1.4297083020210266
-1.8812513798475266, -0.3600105941295624
-1.4130214247852564, 1.0858585685491562
-0.5480359569191933, -0.09466652572154999
-3.582559183239937, 0.5683828294277191
-2.1257690265774727, 0.4053490459918976
-0.948768213391304, 0.2832169970497489
-1.6221690773963928, 1.6147568225860596
-1.3815076053142548, -0.3371840361505747
-1.814784824848175, 0.09416386485099792
-0.7438635546714067, -0.26153294555842876
-1.4877271093428135, -0.5230658911168575
-0.7438635546714067, -0.26153294555842876
-0.7200567722320557, 0.826139934360981
-2.2628211081027985, -0.8212950229644775
-0.07652967423200607, -0.9891061335802078
-0.8311934173107147, 2.8149515260010958
-2.9683238863945007, -1.6089943945407867
-0.834875576198101, 0.37445004284381866
-1.8586614248342812, 0.16238781064748764
-0.7438635546714067, -0.26153294555842876
-2.571077883243561, 1.5157476142048836
-0.7438635546714067, -0.26153294555842876
-0.5180933624505997, -2.2568550035357475
-0.7438635546714067, -0.26153294555842876
-0.7438635546714067, -0.26153294555842876
-0.7438635546714067, -0.26153294555842876
-0.7438635546714067, -0.26153294555842876
-0.7438635546714067, -0.26153294555842876
-0.7438635546714067, -0.26153294555842876
-0.7438635546714067, -0.26153294555842876
-0.7438635546714067, -0.26153294555842876
-0.7438635546714067, -0.26153294555842876
-0.7438635546714067, -0.26153294555842876
-1.6915848404169083, 0.25196073204278946
-0.7438635546714067, -0.26153294555842876
-0.7438635546714067, -0.26153294555842876
-0.7438635546714067, -0.26153294555842876
-1.4189701676368713, 0.8857144117355347
-0.7438635546714067, -0.26153294555842876
-0.7438635546714067, -0.26153294555842876
-0.7438635546714067, -0.26153294555842876
-0.7438635546714067, -0.26153294555842876
-0.7438635546714067, -0.26153294555842876
-0.7438635546714067, -0.26153294555842876
-0.6906910538673401, 2.463991492986679
-0.7438635546714067, -0.26153294555842876
-0.7438635546714067, -0.26153294555842876
-0.7376876175403595, -0.2233647909015417
-1.624807819724083, -1.4538245350122452
-0.39064013957977295, -0.09615764953196049
-1.6713059861212969, 3.352969378232956
0.40826380997896194, 0.5307360216975212
-1.8040202409029007, -0.750696212053299
-1.9089311510324478, -0.6282739490270615
-0.3825164958834648, 0.2303796261548996
-0.3825164958834648, 0.2303796261548996
0.4875670075416565, 1.5150666050612926
-1.7542238533496857, -1.2218927843496203
-1.8209920525550842, -0.21450937539339066
-1.9744466692209244, 1.2894166707992554
-1.058050200343132, 0.9630809426307678
-1.5342161357402802, 0.008950930088758469
-0.46584490686655045, 0.16220320016145706
-0.23726560175418854, 0.46444396674633026
0.8096044361591339, 0.6040634214878082
-0.23617160320281982, -0.5022098422050476
-0.23224179446697235, -0.049680802039802074
-0.6284490562975407, 0.14576932042837143
-1.866622731089592, -0.6964557762257755
-0.04084308445453644, -1.5170761160552502
-2.548533260822296, -3.071645461022854
-2.1103144958615303, 1.272829882800579
-0.9629190564155579, -0.9799013212323189
-0.07727102190256119, 0.08145593479275703
-1.5798838585615158, 0.596544474363327
-3.8833327293395996, 2.2974379807710648
-1.708814799785614, -0.8474193392321467
-2.746884524822235, 2.933822900056839
-0.8119469583034515, 0.727277010679245
-0.4601409789174795, -0.22716955235227942
-1.6768249794840813, 0.3844953626394272
0.02766132354736328, -0.4140136390924454
0.48972102580592036, 0.44192612171173096
-1.4189701676368713, 0.8857144117355347
-0.37166664004325867, 5.544932842254639
-1.4189701676368713, 0.8857144117355347
-0.9459801129996777, 0.5904762297868729
-1.4189701676368713, 0.8857144117355347
-1.4189701676368713, 0.8857144117355347
-1.4189701676368713, 0.8857144117355347
-2.5814444422721863, 3.1252781498478726
-1.4189701676368713, 0.8857144117355347
-1.6876219511032104, 0.9038129895925522
-5.373636096715927, 1.21907623950392
-0.4917917251586914, -0.14890983887016773
-1.8919602259993553, 1.1809524595737457
-1.4189701676368713, 0.8857144117355347
-1.4189701676368713, 0.8857144117355347
-0.9459801129996777, 0.5904762297868729
-1.4189701676368713, 0.8857144117355347
-1.8919602259993553, 1.1809524595737457
-1.8919602259993553, 1.1809524595737457
1.0044191628694534, 0.10568789392709732
-0.38726765289902687, 0.8602071106433868
-0.5128691866993904, 0.2180783071089536
-0.7197436392307281, -0.2461429499089718
0.23354871664196253, 0.4413294792175293
-1.762057363986969, 0.3493925929069519
-0.846108041703701, -0.24349914491176605
-0.9835834503173828, -0.29781967774033546
-1.4440532624721527, 0.5604110807180405
-0.4917917251586914, -0.14890983887016773
-0.4917917251586914, -0.14890983887016773
-0.7376876175403595, -0.2233647909015417
-0.7376876175403595, -0.2233647909015417
-0.4917917251586914, -0.14890983887016773
-0.7376876175403595, -0.2233647909015417
-1.512747697532177, -0.641421377658844
-1.618491604924202, 0.31376710534095764
-1.613547921180725, -0.23712629079818726
-0.858066014945507, -0.6099010705947876
-0.5720440000295639, -0.4066007137298584
0.07476662658154964, -0.012071624398231506
0.22429987788200378, -0.03621489554643631
0.1495332531630993, -0.024143248796463013
-0.8624761700630188, -0.3227890282869339
